 -250000    -7.080
 -249900    -7.080
 -249800    -7.080
 -249700    -7.080
 -249600    -7.080
 -249500    -7.080
 -249400    -7.080
 -249300    -7.080
 -249200    -7.080
 -249100    -7.080
 -249000    -7.080
 -248900    -7.080
 -248800    -7.080
 -248700    -7.080
 -248600    -6.972
 -248500    -6.864
 -248400    -6.864
 -248300    -6.864
 -248200    -6.864
 -248100    -6.864
 -248000    -6.864
 -247900    -6.864
 -247800    -6.864
 -247700    -6.864
 -247600    -6.864
 -247500    -6.864
 -247400    -6.264
 -247300    -5.664
 -247200    -5.640
 -247100    -5.616
 -247000    -5.616
 -246900    -5.616
 -246800    -5.616
 -246700    -5.616
 -246600    -5.616
 -246500    -5.616
 -246400    -5.568
 -246300    -5.520
 -246200    -5.448
 -246100    -5.376
 -246000    -5.376
 -245900    -5.376
 -245800    -5.376
 -245700    -5.376
 -245600    -5.376
 -245500    -5.376
 -245400    -5.352
 -245300    -5.328
 -245200    -5.124
 -245100    -4.920
 -245000    -4.920
 -244900    -4.920
 -244800    -4.920
 -244700    -4.920
 -244600    -4.920
 -244500    -4.920
 -244400    -4.920
 -244300    -4.920
 -244200    -4.620
 -244100    -4.320
 -244000    -4.296
 -243900    -4.272
 -243800    -4.272
 -243700    -4.272
 -243600    -4.272
 -243500    -4.272
 -243400    -4.260
 -243300    -4.248
 -243200    -3.888
 -243100    -3.528
 -243000    -3.528
 -242900    -3.528
 -242800    -3.528
 -242700    -3.528
 -242600    -3.528
 -242500    -3.528
 -242400    -3.444
 -242300    -3.360
 -242200    -3.240
 -242100    -3.120
 -242000    -3.120
 -241900    -3.120
 -241800    -3.120
 -241700    -3.120
 -241600    -3.120
 -241500    -3.120
 -241400    -3.936
 -241300    -4.752
 -241200    -4.800
 -241100    -4.848
 -241000    -4.848
 -240900    -4.848
 -240800    -4.848
 -240700    -4.848
 -240600    -4.860
 -240500    -4.872
 -240400    -5.040
 -240300    -5.208
 -240200    -5.208
 -240100    -5.208
 -240000    -5.208
 -239900    -5.208
 -239800    -5.208
 -239700    -5.208
 -239600    -5.160
 -239500    -5.112
 -239400    -4.800
 -239300    -4.488
 -239200    -4.488
 -239100    -4.488
 -239000    -4.488
 -238900    -4.488
 -238800    -4.488
 -238700    -4.488
 -238600    -4.476
 -238500    -4.464
 -238400    -4.440
 -238300    -4.416
 -238200    -4.416
 -238100    -4.416
 -238000    -4.416
 -237900    -4.416
 -237800    -4.416
 -237700    -4.416
 -237600    -4.488
 -237500    -4.560
 -237400    -4.572
 -237300    -4.584
 -237200    -4.584
 -237100    -4.584
 -237000    -4.584
 -236900    -4.584
 -236800    -4.632
 -236700    -4.680
 -236600    -4.800
 -236500    -4.920
 -236400    -4.920
 -236300    -4.920
 -236200    -4.920
 -236100    -4.920
 -236000    -4.920
 -235900    -4.920
 -235800    -4.980
 -235700    -5.040
 -235600    -5.064
 -235500    -5.088
 -235400    -5.088
 -235300    -5.088
 -235200    -5.088
 -235100    -5.088
 -235000    -5.064
 -234900    -5.040
 -234800    -4.824
 -234700    -4.608
 -234600    -4.608
 -234500    -4.608
 -234400    -4.608
 -234300    -4.608
 -234200    -4.608
 -234100    -4.608
 -234000    -4.608
 -233900    -4.608
 -233800    -4.608
 -233700    -4.608
 -233600    -4.608
 -233500    -4.608
 -233400    -4.608
 -233300    -4.608
 -233200    -4.656
 -233100    -4.704
 -233000    -4.836
 -232900    -4.968
 -232800    -4.968
 -232700    -4.968
 -232600    -4.968
 -232500    -4.968
 -232400    -4.968
 -232300    -4.968
 -232200    -5.208
 -232100    -5.448
 -232000    -5.496
 -231900    -5.544
 -231800    -5.544
 -231700    -5.544
 -231600    -5.544
 -231500    -5.544
 -231400    -5.520
 -231300    -5.496
 -231200    -5.448
 -231100    -5.400
 -231000    -5.400
 -230900    -5.400
 -230800    -5.400
 -230700    -5.400
 -230600    -5.400
 -230500    -5.400
 -230400    -4.080
 -230300    -2.760
 -230200    -2.592
 -230100    -2.424
 -230000    -2.424
 -229900    -2.424
 -229800    -2.364
 -229700    -2.304
 -229600    -2.100
 -229500    -1.896
 -229400    -1.896
 -229300    -1.896
 -229200    -1.896
 -229100    -1.896
 -229000    -2.376
 -228900    -2.856
 -228800    -3.072
 -228700    -3.288
 -228600    -3.288
 -228500    -3.288
 -228400    -3.288
 -228300    -3.288
 -228200    -3.180
 -228100    -3.072
 -228000    -3.060
 -227900    -3.048
 -227800    -3.048
 -227700    -3.048
 -227600    -2.556
 -227500    -2.064
 -227400    -0.192
 -227300     1.680
 -227200     1.680
 -227100     1.680
 -227000     0.396
 -226900    -0.888
 -226800    -2.460
 -226700    -4.032
 -226600    -4.032
 -226500    -4.032
 -226400    -4.032
 -226300    -4.032
 -226200    -4.212
 -226100    -4.392
 -226000    -4.512
 -225900    -4.632
 -225800    -4.632
 -225700    -4.632
 -225600    -4.632
 -225500    -4.632
 -225400    -3.792
 -225300    -2.952
 -225200    -2.556
 -225100    -2.160
 -225000    -2.160
 -224900    -2.160
 -224800    -1.908
 -224700    -1.656
 -224600    -1.116
 -224500    -0.576
 -224400    -0.576
 -224300    -0.576
 -224200    -0.780
 -224100    -0.984
 -224000    -1.440
 -223900    -1.896
 -223800    -1.896
 -223700    -1.896
 -223600    -1.944
 -223500    -1.992
 -223400    -2.832
 -223300    -3.672
 -223200    -3.672
 -223100    -3.672
 -223000    -3.672
 -222900    -3.672
 -222800    -3.576
 -222700    -3.480
 -222600    -3.384
 -222500    -3.288
 -222400    -3.288
 -222300    -3.288
 -222200    -3.204
 -222100    -3.120
 -222000    -1.404
 -221900     0.312
 -221800     0.312
 -221700     0.312
 -221600    -0.120
 -221500    -0.552
 -221400    -1.596
 -221300    -2.640
 -221200    -2.640
 -221100    -2.640
 -221000    -2.676
 -220900    -2.712
 -220800    -3.480
 -220700    -4.248
 -220600    -4.248
 -220500    -4.248
 -220400    -4.248
 -220300    -4.248
 -220200    -4.128
 -220100    -4.008
 -220000    -3.876
 -219900    -3.744
 -219800    -3.744
 -219700    -3.744
 -219600    -3.624
 -219500    -3.504
 -219400    -2.208
 -219300    -0.912
 -219200    -0.912
 -219100    -0.912
 -219000    -1.272
 -218900    -1.632
 -218800    -2.784
 -218700    -3.936
 -218600    -3.936
 -218500    -3.936
 -218400    -3.936
 -218300    -3.936
 -218200    -4.416
 -218100    -4.896
 -218000    -4.968
 -217900    -5.040
 -217800    -5.040
 -217700    -5.040
 -217600    -4.704
 -217500    -4.368
 -217400    -3.504
 -217300    -2.640
 -217200    -2.640
 -217100    -2.640
 -217000    -2.868
 -216900    -3.096
 -216800    -3.912
 -216700    -4.728
 -216600    -4.728
 -216500    -4.728
 -216400    -4.728
 -216300    -4.728
 -216200    -4.512
 -216100    -4.296
 -216000    -4.224
 -215900    -4.152
 -215800    -4.152
 -215700    -4.152
 -215600    -3.828
 -215500    -3.504
 -215400    -3.156
 -215300    -2.808
 -215200    -2.808
 -215100    -2.808
 -215000    -3.216
 -214900    -3.624
 -214800    -4.104
 -214700    -4.584
 -214600    -4.584
 -214500    -4.584
 -214400    -4.656
 -214300    -4.728
 -214200    -5.172
 -214100    -5.616
 -214000    -5.616
 -213900    -5.616
 -213800    -5.616
 -213700    -5.616
 -213600    -5.844
 -213500    -6.072
 -213400    -6.204
 -213300    -6.336
 -213200    -6.336
 -213100    -6.336
 -213000    -6.336
 -212900    -6.336
 -212800    -6.324
 -212700    -6.312
 -212600    -6.312
 -212500    -6.312
 -212400    -6.312
 -212300    -6.312
 -212200    -6.192
 -212100    -6.072
 -212000    -5.928
 -211900    -5.784
 -211800    -5.784
 -211700    -5.784
 -211600    -5.784
 -211500    -5.784
 -211400    -6.696
 -211300    -7.608
 -211200    -7.608
 -211100    -7.608
 -211000    -7.608
 -210900    -7.608
 -210800    -7.620
 -210700    -7.632
 -210600    -7.704
 -210500    -7.776
 -210400    -7.776
 -210300    -7.776
 -210200    -7.776
 -210100    -7.776
 -210000    -7.680
 -209900    -7.584
 -209800    -7.416
 -209700    -7.248
 -209600    -7.248
 -209500    -7.248
 -209400    -7.248
 -209300    -7.248
 -209200    -8.676
 -209100   -10.104
 -209000   -10.632
 -208900   -11.160
 -208800   -11.160
 -208700   -11.160
 -208600   -11.160
 -208500   -11.160
 -208400   -10.896
 -208300   -10.632
 -208200    -9.180
 -208100    -7.728
 -208000    -7.728
 -207900    -7.728
 -207800    -7.728
 -207700    -7.728
 -207600    -7.320
 -207500    -6.912
 -207400    -6.432
 -207300    -5.952
 -207200    -5.952
 -207100    -5.952
 -207000    -5.904
 -206900    -5.856
 -206800    -5.568
 -206700    -5.280
 -206600    -5.280
 -206500    -5.280
 -206400    -5.280
 -206300    -5.280
 -206200    -5.532
 -206100    -5.784
 -206000    -5.784
 -205900    -5.784
 -205800    -5.784
 -205700    -5.784
 -205600    -6.792
 -205500    -7.800
 -205400    -8.040
 -205300    -8.280
 -205200    -8.280
 -205100    -8.280
 -205000    -8.148
 -204900    -8.016
 -204800    -7.008
 -204700    -6.000
 -204600    -6.000
 -204500    -6.000
 -204400    -6.000
 -204300    -6.000
 -204200    -5.892
 -204100    -5.784
 -204000    -5.772
 -203900    -5.760
 -203800    -5.760
 -203700    -5.760
 -203600    -5.424
 -203500    -5.088
 -203400    -5.004
 -203300    -4.920
 -203200    -4.920
 -203100    -4.920
 -203000    -4.920
 -202900    -4.920
 -202800    -4.920
 -202700    -4.920
 -202600    -4.920
 -202500    -4.920
 -202400    -5.088
 -202300    -5.256
 -202200    -5.268
 -202100    -5.280
 -202000    -5.280
 -201900    -5.280
 -201800    -7.140
 -201700    -9.000
 -201600    -9.096
 -201500    -9.192
 -201400    -9.192
 -201300    -9.192
 -201200    -9.000
 -201100    -8.808
 -201000    -8.196
 -200900    -7.584
 -200800    -7.584
 -200700    -7.584
 -200600    -7.584
 -200500    -7.584
 -200400    -6.156
 -200300    -4.728
 -200200    -4.548
 -200100    -4.368
 -200000    -4.380
 -199900    -4.392
 -199800    -4.428
 -199700    -4.464
 -199600    -4.464
 -199500    -4.464
 -199400    -4.536
 -199300    -4.608
 -199200    -4.704
 -199100    -4.800
 -199000    -4.800
 -198900    -4.800
 -198800    -4.512
 -198700    -4.224
 -198600    -4.068
 -198500    -3.912
 -198400    -3.936
 -198300    -3.960
 -198200    -4.644
 -198100    -5.328
 -198000    -5.328
 -197900    -5.328
 -197800    -5.400
 -197700    -5.472
 -197600    -5.700
 -197500    -5.928
 -197400    -5.928
 -197300    -5.928
 -197200    -5.868
 -197100    -5.808
 -197000    -5.676
 -196900    -5.544
 -196800    -5.544
 -196700    -5.544
 -196600    -5.772
 -196500    -6.000
 -196400    -6.204
 -196300    -6.408
 -196200    -6.408
 -196100    -6.408
 -196000    -6.348
 -195900    -6.288
 -195800    -6.252
 -195700    -6.216
 -195600    -6.216
 -195500    -6.216
 -195400    -5.964
 -195300    -5.712
 -195200    -5.616
 -195100    -5.520
 -195000    -5.520
 -194900    -5.520
 -194800    -7.056
 -194700    -8.592
 -194600    -8.616
 -194500    -8.640
 -194400    -8.640
 -194300    -8.640
 -194200    -8.508
 -194100    -8.376
 -194000    -8.316
 -193900    -8.256
 -193800    -8.256
 -193700    -8.256
 -193600    -8.292
 -193500    -8.328
 -193400    -8.364
 -193300    -8.400
 -193200    -8.400
 -193100    -8.400
 -193000    -8.088
 -192900    -7.776
 -192800    -7.224
 -192700    -6.672
 -192600    -6.672
 -192500    -6.672
 -192400    -6.540
 -192300    -6.408
 -192200    -6.288
 -192100    -6.168
 -192000    -6.168
 -191900    -6.168
 -191800    -6.480
 -191700    -6.792
 -191600    -6.888
 -191500    -6.984
 -191400    -6.984
 -191300    -6.984
 -191200    -6.528
 -191100    -6.072
 -191000    -6.024
 -190900    -5.976
 -190800    -5.964
 -190700    -5.952
 -190600    -5.904
 -190500    -5.856
 -190400    -5.856
 -190300    -5.856
 -190200    -6.048
 -190100    -6.240
 -190000    -6.360
 -189900    -6.480
 -189800    -6.480
 -189700    -6.480
 -189600    -6.084
 -189500    -5.688
 -189400    -5.640
 -189300    -5.592
 -189200    -5.412
 -189100    -5.232
 -189000    -4.872
 -188900    -4.512
 -188800    -4.512
 -188700    -4.512
 -188600    -4.644
 -188500    -4.776
 -188400    -4.776
 -188300    -4.776
 -188200    -4.860
 -188100    -4.944
 -188000    -5.004
 -187900    -5.064
 -187800    -5.160
 -187700    -5.256
 -187600    -5.868
 -187500    -6.480
 -187400    -6.480
 -187300    -6.480
 -187200    -6.396
 -187100    -6.312
 -187000    -6.228
 -186900    -6.144
 -186800    -6.144
 -186700    -6.144
 -186600    -5.988
 -186500    -5.832
 -186400    -5.832
 -186300    -5.832
 -186200    -5.532
 -186100    -5.232
 -186000    -4.920
 -185900    -4.608
 -185800    -3.648
 -185700    -2.688
 -185600     1.272
 -185500     5.232
 -185400    -0.648
 -185300    -6.528
 -185200    -6.996
 -185100    -7.464
 -185000    -6.912
 -184900    -6.360
 -184800    -4.644
 -184700    -2.928
 -184600    -2.484
 -184500    -2.040
 -184400    -0.372
 -184300     1.296
 -184200    -2.280
 -184100    -5.856
 -184000    -7.872
 -183900    -9.888
 -183800    -9.888
 -183700    -9.888
 -183600    -9.156
 -183500    -8.424
 -183400    -7.944
 -183300    -7.464
 -183200    -7.464
 -183100    -7.464
 -183000    -7.308
 -182900    -7.152
 -182800    -7.152
 -182700    -7.152
 -182600    -7.308
 -182500    -7.464
 -182400    -7.656
 -182300    -7.848
 -182200    -7.848
 -182100    -7.848
 -182000   -10.008
 -181900   -12.168
 -181800   -12.672
 -181700   -13.176
 -181600   -13.176
 -181500   -13.176
 -181400   -12.912
 -181300   -12.648
 -181200   -11.664
 -181100   -10.680
 -181000   -10.680
 -180900   -10.680
 -180800   -10.620
 -180700   -10.560
 -180600   -10.176
 -180500    -9.792
 -180400    -9.792
 -180300    -9.792
 -180200   -10.092
 -180100   -10.392
 -180000   -11.352
 -179900   -12.312
 -179800   -12.312
 -179700   -12.312
 -179600   -12.312
 -179500   -12.312
 -179400   -11.436
 -179300   -10.560
 -179200   -10.452
 -179100   -10.344
 -179000   -10.344
 -178900   -10.344
 -178800    -9.420
 -178700    -8.496
 -178600    -8.424
 -178500    -8.352
 -178400    -8.844
 -178300    -9.336
 -178200   -10.392
 -178100   -11.448
 -178000   -11.448
 -177900   -11.448
 -177800   -11.376
 -177700   -11.304
 -177600   -11.004
 -177500   -10.704
 -177400   -10.704
 -177300   -10.704
 -177200   -10.824
 -177100   -10.944
 -177000   -11.352
 -176900   -11.760
 -176800   -11.760
 -176700   -11.760
 -176600   -11.604
 -176500   -11.448
 -176400    -9.888
 -176300    -8.328
 -176200    -8.328
 -176100    -8.328
 -176000    -7.824
 -175900    -7.320
 -175800    -6.912
 -175700    -6.504
 -175600    -6.948
 -175500    -7.392
 -175400    -8.508
 -175300    -9.624
 -175200    -9.624
 -175100    -9.624
 -175000    -8.328
 -174900    -7.032
 -174800    -6.072
 -174700    -5.112
 -174600    -3.456
 -174500    -1.800
 -174400    -0.576
 -174300     0.648
 -174200    -1.872
 -174100    -4.392
 -174000    -4.656
 -173900    -4.920
 -173800    -6.168
 -173700    -7.416
 -173600    -7.416
 -173500    -7.416
 -173400    -6.372
 -173300    -5.328
 -173200    -5.148
 -173100    -4.968
 -173000    -0.192
 -172900     4.584
 -172800     5.772
 -172700     6.960
 -172600     5.868
 -172500     4.776
 -172400    -0.924
 -172300    -6.624
 -172200    -8.352
 -172100   -10.080
 -172000    -9.900
 -171900    -9.720
 -171800    -8.484
 -171700    -7.248
 -171600    -7.248
 -171500    -7.248
 -171400    -7.332
 -171300    -7.416
 -171200    -7.428
 -171100    -7.440
 -171000    -7.416
 -170900    -7.392
 -170800    -7.380
 -170700    -7.368
 -170600    -7.440
 -170500    -7.512
 -170400    -7.584
 -170300    -7.656
 -170200    -7.680
 -170100    -7.704
 -170000    -7.764
 -169900    -7.824
 -169800    -7.800
 -169700    -7.776
 -169600    -6.744
 -169500    -5.712
 -169400    -5.748
 -169300    -5.784
 -169200    -6.348
 -169100    -6.912
 -169000    -6.912
 -168900    -6.912
 -168800    -7.572
 -168700    -8.232
 -168600    -8.256
 -168500    -8.280
 -168400    -7.620
 -168300    -6.960
 -168200    -6.684
 -168100    -6.408
 -168000    -6.048
 -167900    -5.688
 -167800    -5.532
 -167700    -5.376
 -167600    -6.072
 -167500    -6.768
 -167400    -6.924
 -167300    -7.080
 -167200    -8.064
 -167100    -9.048
 -167000    -9.384
 -166900    -9.720
 -166800    -9.288
 -166700    -8.856
 -166600    -8.040
 -166500    -7.224
 -166400    -7.020
 -166300    -6.816
 -166200    -6.300
 -166100    -5.784
 -166000    -6.096
 -165900    -6.408
 -165800    -6.876
 -165700    -7.344
 -165600    -7.140
 -165500    -6.936
 -165400    -6.552
 -165300    -6.168
 -165200    -6.540
 -165100    -6.912
 -165000    -7.380
 -164900    -7.848
 -164800    -8.388
 -164700    -8.928
 -164600    -9.900
 -164500   -10.872
 -164400   -10.872
 -164300   -10.872
 -164200   -10.548
 -164100   -10.224
 -164000   -10.176
 -163900   -10.128
 -163800   -10.476
 -163700   -10.824
 -163600   -11.172
 -163500   -11.520
 -163400   -11.520
 -163300   -11.520
 -163200   -10.584
 -163100    -9.648
 -163000    -9.588
 -162900    -9.528
 -162800    -9.156
 -162700    -8.784
 -162600    -8.604
 -162500    -8.424
 -162400    -9.336
 -162300   -10.248
 -162200   -10.920
 -162100   -11.592
 -162000   -11.616
 -161900   -11.640
 -161800   -12.180
 -161700   -12.720
 -161600   -12.720
 -161500   -12.720
 -161400   -12.624
 -161300   -12.528
 -161200   -12.360
 -161100   -12.192
 -161000   -12.192
 -160900   -12.192
 -160800   -12.504
 -160700   -12.816
 -160600   -12.912
 -160500   -13.008
 -160400   -12.948
 -160300   -12.888
 -160200   -11.988
 -160100   -11.088
 -160000   -11.088
 -159900   -11.088
 -159800   -11.292
 -159700   -11.496
 -159600   -11.592
 -159500   -11.688
 -159400   -11.688
 -159300   -11.688
 -159200   -11.688
 -159100   -11.688
 -159000   -11.688
 -158900   -11.688
 -158800    -8.940
 -158700    -6.192
 -158600    -5.832
 -158500    -5.472
 -158400    -8.868
 -158300   -12.264
 -158200   -12.264
 -158100   -12.264
 -158000   -12.672
 -157900   -13.080
 -157800   -13.296
 -157700   -13.512
 -157600   -13.512
 -157500   -13.512
 -157400   -13.608
 -157300   -13.704
 -157200   -13.704
 -157100   -13.704
 -157000   -13.356
 -156900   -13.008
 -156800   -11.844
 -156700   -10.680
 -156600   -10.680
 -156500   -10.680
 -156400   -10.488
 -156300   -10.296
 -156200   -10.296
 -156100   -10.296
 -156000   -10.608
 -155900   -10.920
 -155800   -11.004
 -155700   -11.088
 -155600   -11.628
 -155500   -12.168
 -155400   -12.732
 -155300   -13.296
 -155200   -13.296
 -155100   -13.296
 -155000   -12.852
 -154900   -12.408
 -154800   -12.360
 -154700   -12.312
 -154600   -12.252
 -154500   -12.192
 -154400   -12.120
 -154300   -12.048
 -154200   -11.748
 -154100   -11.448
 -154000    -7.872
 -153900    -4.296
 -153800    -6.264
 -153700    -8.232
 -153600    -9.648
 -153500   -11.064
 -153400   -11.160
 -153300   -11.256
 -153200   -11.436
 -153100   -11.616
 -153000   -11.616
 -152900   -11.616
 -152800   -11.688
 -152700   -11.760
 -152600   -11.760
 -152500   -11.760
 -152400   -11.460
 -152300   -11.160
 -152200   -11.064
 -152100   -10.968
 -152000   -11.112
 -151900   -11.256
 -151800   -11.352
 -151700   -11.448
 -151600   -11.532
 -151500   -11.616
 -151400   -11.760
 -151300   -11.904
 -151200   -11.916
 -151100   -11.928
 -151000   -12.000
 -150900   -12.072
 -150800   -12.072
 -150700   -12.072
 -150600   -11.856
 -150500   -11.640
 -150400   -11.580
 -150300   -11.520
 -150200   -11.952
 -150100   -12.384
 -150000   -12.708
 -149900   -13.032
 -149800   -13.068
 -149700   -13.104
 -149600   -13.296
 -149500   -13.488
 -149400   -13.488
 -149300   -13.488
 -149200   -13.596
 -149100   -13.704
 -149000   -13.752
 -148900   -13.800
 -148800   -13.656
 -148700   -13.512
 -148600   -13.020
 -148500   -12.528
 -148400   -12.528
 -148300   -12.528
 -148200   -12.816
 -148100   -13.104
 -148000   -13.128
 -147900   -13.152
 -147800   -13.128
 -147700   -13.104
 -147600   -13.080
 -147500   -13.056
 -147400   -13.044
 -147300   -13.032
 -147200   -12.996
 -147100   -12.960
 -147000   -12.960
 -146900   -12.960
 -146800   -13.980
 -146700   -15.000
 -146600   -15.144
 -146500   -15.288
 -146400   -15.060
 -146300   -14.832
 -146200   -14.028
 -146100   -13.224
 -146000   -13.224
 -145900   -13.224
 -145800   -13.080
 -145700   -12.936
 -145600   -12.912
 -145500   -12.888
 -145400   -13.308
 -145300   -13.728
 -145200   -13.992
 -145100   -14.256
 -145000   -14.340
 -144900   -14.424
 -144800   -14.892
 -144700   -15.360
 -144600   -15.360
 -144500   -15.360
 -144400   -14.100
 -144300   -12.840
 -144200   -11.724
 -144100   -10.608
 -144000   -10.632
 -143900   -10.656
 -143800   -10.680
 -143700   -10.704
 -143600   -10.728
 -143500   -10.752
 -143400   -10.776
 -143300   -10.800
 -143200   -10.596
 -143100   -10.392
 -143000   -10.284
 -142900   -10.176
 -142800   -10.452
 -142700   -10.728
 -142600   -10.824
 -142500   -10.920
 -142400   -10.260
 -142300    -9.600
 -142200    -9.468
 -142100    -9.336
 -142000   -10.764
 -141900   -12.192
 -141800   -12.192
 -141700   -12.192
 -141600   -12.360
 -141500   -12.528
 -141400   -12.540
 -141300   -12.552
 -141200   -12.672
 -141100   -12.792
 -141000   -12.816
 -140900   -12.840
 -140800   -12.276
 -140700   -11.712
 -140600   -11.400
 -140500   -11.088
 -140400   -11.448
 -140300   -11.808
 -140200   -11.964
 -140100   -12.120
 -140000   -12.024
 -139900   -11.928
 -139800   -11.880
 -139700   -11.832
 -139600   -11.328
 -139500   -10.824
 -139400   -10.560
 -139300   -10.296
 -139200    -9.996
 -139100    -9.696
 -139000    -9.684
 -138900    -9.672
 -138800   -10.116
 -138700   -10.560
 -138600   -10.356
 -138500   -10.152
 -138400    -9.612
 -138300    -9.072
 -138200    -9.120
 -138100    -9.168
 -138000    -9.192
 -137900    -9.216
 -137800    -7.008
 -137700    -4.800
 -137600    -4.476
 -137500    -4.152
 -137400    -4.212
 -137300    -4.272
 -137200    -3.708
 -137100    -3.144
 -137000    -2.160
 -136900    -1.176
 -136800    -4.308
 -136700    -7.440
 -136600    -7.512
 -136500    -7.584
 -136400    -8.520
 -136300    -9.456
 -136200   -10.620
 -136100   -11.784
 -136000   -11.820
 -135900   -11.856
 -135800   -11.892
 -135700   -11.928
 -135600    -9.948
 -135500    -7.968
 -135400    -6.492
 -135300    -5.016
 -135200    -4.692
 -135100    -4.368
 -135000    -6.324
 -134900    -8.280
 -134800    -7.440
 -134700    -6.600
 -134600    -5.964
 -134500    -5.328
 -134400    -4.620
 -134300    -3.912
 -134200    -2.808
 -134100    -1.704
 -134000    -2.664
 -133900    -3.624
 -133800    -6.768
 -133700    -9.912
 -133600    -9.756
 -133500    -9.600
 -133400    -9.468
 -133300    -9.336
 -133200    -6.168
 -133100    -3.000
 -133000    -3.672
 -132900    -4.344
 -132800    -3.264
 -132700    -2.184
 -132600     1.464
 -132500     5.112
 -132400     6.000
 -132300     6.888
 -132200     2.952
 -132100    -0.984
 -132000    -4.800
 -131900    -8.616
 -131800    -8.532
 -131700    -8.448
 -131600    -6.792
 -131500    -5.136
 -131400    -0.720
 -131300     3.696
 -131200     5.076
 -131100     6.456
 -131000     5.412
 -130900     4.368
 -130800     0.552
 -130700    -3.264
 -130600    -2.436
 -130500    -1.608
 -130400    -1.140
 -130300    -0.672
 -130200     1.464
 -130100     3.600
 -130000     1.500
 -129900    -0.600
 -129800     1.008
 -129700     2.616
 -129600     4.704
 -129500     6.792
 -129400     6.648
 -129300     6.504
 -129200     6.540
 -129100     6.576
 -129000     3.996
 -128900     1.416
 -128800    -0.360
 -128700    -2.136
 -128600     1.188
 -128500     4.512
 -128400     5.736
 -128300     6.960
 -128200     7.176
 -128100     7.392
 -128000     7.212
 -127900     7.032
 -127800     6.780
 -127700     6.528
 -127600     5.760
 -127500     4.992
 -127400     5.580
 -127300     6.168
 -127200     6.516
 -127100     6.864
 -127000     6.744
 -126900     6.624
 -126800     4.104
 -126700     1.584
 -126600    -1.428
 -126500    -4.440
 -126400    -5.556
 -126300    -6.672
 -126200    -6.768
 -126100    -6.864
 -126000    -6.540
 -125900    -6.216
 -125800    -6.228
 -125700    -6.240
 -125600    -6.204
 -125500    -6.168
 -125400    -6.468
 -125300    -6.768
 -125200    -6.108
 -125100    -5.448
 -125000    -5.292
 -124900    -5.136
 -124800    -5.316
 -124700    -5.496
 -124600    -4.968
 -124500    -4.440
 -124400    -3.876
 -124300    -3.312
 -124200    -3.840
 -124100    -4.368
 -124000    -4.824
 -123900    -5.280
 -123800    -5.580
 -123700    -5.880
 -123600    -5.592
 -123500    -5.304
 -123400    -4.884
 -123300    -4.464
 -123200    -4.464
 -123100    -4.464
 -123000    -4.332
 -122900    -4.200
 -122800    -4.380
 -122700    -4.560
 -122600    -4.176
 -122500    -3.792
 -122400    -3.612
 -122300    -3.432
 -122200    -3.204
 -122100    -2.976
 -122000    -3.576
 -121900    -4.176
 -121800    -4.764
 -121700    -5.352
 -121600    -5.352
 -121500    -5.352
 -121400    -4.596
 -121300    -3.840
 -121200    -3.672
 -121100    -3.504
 -121000    -2.832
 -120900    -2.160
 -120800    -1.584
 -120700    -1.008
 -120600    -0.636
 -120500    -0.264
 -120400     0.300
 -120300     0.864
 -120200     0.168
 -120100    -0.528
 -120000    -0.552
 -119900    -0.576
 -119800     1.668
 -119700     3.912
 -119600     4.632
 -119500     5.352
 -119400     5.772
 -119300     6.192
 -119200     4.956
 -119100     3.720
 -119000     4.584
 -118900     5.448
 -118800     0.360
 -118700    -4.728
 -118600    -6.360
 -118500    -7.992
 -118400    -7.464
 -118300    -6.936
 -118200    -7.368
 -118100    -7.800
 -118000    -7.896
 -117900    -7.992
 -117800    -7.740
 -117700    -7.488
 -117600    -6.936
 -117500    -6.384
 -117400    -5.280
 -117300    -4.176
 -117200    -2.724
 -117100    -1.272
 -117000    -0.780
 -116900    -0.288
 -116800    -0.480
 -116700    -0.672
 -116600    -0.984
 -116500    -1.296
 -116400    -1.200
 -116300    -1.104
 -116200    -0.588
 -116100    -0.072
 -116000     1.212
 -115900     2.496
 -115800     2.616
 -115700     2.736
 -115600     4.032
 -115500     5.328
 -115400     3.384
 -115300     1.440
 -115200     1.212
 -115100     0.984
 -115000     0.600
 -114900     0.216
 -114800     1.236
 -114700     2.256
 -114600     2.556
 -114500     2.856
 -114400     2.172
 -114300     1.488
 -114200    -0.252
 -114100    -1.992
 -114000    -4.764
 -113900    -7.536
 -113800    -6.996
 -113700    -6.456
 -113600    -6.672
 -113500    -6.888
 -113400    -6.876
 -113300    -6.864
 -113200    -7.992
 -113100    -9.120
 -113000    -9.216
 -112900    -9.312
 -112800    -9.312
 -112700    -9.312
 -112600    -9.576
 -112500    -9.840
 -112400   -10.020
 -112300   -10.200
 -112200    -9.912
 -112100    -9.624
 -112000    -9.588
 -111900    -9.552
 -111800    -8.316
 -111700    -7.080
 -111600    -6.540
 -111500    -6.000
 -111400    -7.764
 -111300    -9.528
 -111200   -10.200
 -111100   -10.872
 -111000   -10.440
 -110900   -10.008
 -110800    -9.696
 -110700    -9.384
 -110600    -9.576
 -110500    -9.768
 -110400    -9.756
 -110300    -9.744
 -110200    -9.636
 -110100    -9.528
 -110000   -10.032
 -109900   -10.536
 -109800   -10.500
 -109700   -10.464
 -109600    -9.756
 -109500    -9.048
 -109400    -9.156
 -109300    -9.264
 -109200    -8.988
 -109100    -8.712
 -109000    -8.028
 -108900    -7.344
 -108800    -7.632
 -108700    -7.920
 -108600    -7.368
 -108500    -6.816
 -108400    -7.044
 -108300    -7.272
 -108200    -7.392
 -108100    -7.512
 -108000    -7.968
 -107900    -8.424
 -107800    -7.776
 -107700    -7.128
 -107600    -7.116
 -107500    -7.104
 -107400    -7.164
 -107300    -7.224
 -107200    -7.284
 -107100    -7.344
 -107000    -7.224
 -106900    -7.104
 -106800    -7.596
 -106700    -8.088
 -106600    -7.668
 -106500    -7.248
 -106400    -7.140
 -106300    -7.032
 -106200    -6.744
 -106100    -6.456
 -106000    -5.940
 -105900    -5.424
 -105800    -4.140
 -105700    -2.856
 -105600    -2.376
 -105500    -1.896
 -105400    -3.672
 -105300    -5.448
 -105200    -7.188
 -105100    -8.928
 -105000    -9.432
 -104900    -9.936
 -104800    -8.964
 -104700    -7.992
 -104600    -6.384
 -104500    -4.776
 -104400    -6.768
 -104300    -8.760
 -104200    -9.024
 -104100    -9.288
 -104000    -8.076
 -103900    -6.864
 -103800    -8.076
 -103700    -9.288
 -103600    -6.936
 -103500    -4.584
 -103400    -3.936
 -103300    -3.288
 -103200    -2.796
 -103100    -2.304
 -103000    -2.724
 -102900    -3.144
 -102800    -3.768
 -102700    -4.392
 -102600    -3.696
 -102500    -3.000
 -102400    -2.844
 -102300    -2.688
 -102200    -2.880
 -102100    -3.072
 -102000    -3.384
 -101900    -3.696
 -101800    -3.840
 -101700    -3.984
 -101600    -4.200
 -101500    -4.416
 -101400    -4.464
 -101300    -4.512
 -101200    -4.716
 -101100    -4.920
 -101000    -4.932
 -100900    -4.944
 -100800    -4.692
 -100700    -4.440
 -100600    -4.776
 -100500    -5.112
 -100400    -4.884
 -100300    -4.656
 -100200    -5.244
 -100100    -5.832
 -100000    -5.868
  -99900    -5.904
  -99800    -5.904
  -99700    -5.904
  -99600    -6.108
  -99500    -6.312
  -99400    -6.612
  -99300    -6.912
  -99200    -6.984
  -99100    -7.056
  -99000    -7.188
  -98900    -7.320
  -98800    -7.164
  -98700    -7.008
  -98600    -7.008
  -98500    -7.008
  -98400    -6.708
  -98300    -6.408
  -98200    -6.732
  -98100    -7.056
  -98000    -7.176
  -97900    -7.296
  -97800    -7.488
  -97700    -7.680
  -97600    -7.560
  -97500    -7.440
  -97400    -7.968
  -97300    -8.496
  -97200    -8.400
  -97100    -8.304
  -97000    -8.448
  -96900    -8.592
  -96800    -8.580
  -96700    -8.568
  -96600    -8.664
  -96500    -8.760
  -96400    -8.592
  -96300    -8.424
  -96200    -8.544
  -96100    -8.664
  -96000    -9.192
  -95900    -9.720
  -95800    -9.708
  -95700    -9.696
  -95600    -9.660
  -95500    -9.624
  -95400    -9.888
  -95300   -10.152
  -95200    -9.360
  -95100    -8.568
  -95000    -9.192
  -94900    -9.816
  -94800    -9.696
  -94700    -9.576
  -94600    -9.768
  -94500    -9.960
  -94400    -9.828
  -94300    -9.696
  -94200    -9.636
  -94100    -9.576
  -94000    -9.696
  -93900    -9.816
  -93800    -9.600
  -93700    -9.384
  -93600    -9.780
  -93500   -10.176
  -93400   -10.488
  -93300   -10.800
  -93200   -10.584
  -93100   -10.368
  -93000   -10.572
  -92900   -10.776
  -92800   -10.728
  -92700   -10.680
  -92600   -10.572
  -92500   -10.464
  -92400   -10.392
  -92300   -10.320
  -92200   -10.752
  -92100   -11.184
  -92000   -10.980
  -91900   -10.776
  -91800   -11.136
  -91700   -11.496
  -91600   -11.520
  -91500   -11.544
  -91400   -11.280
  -91300   -11.016
  -91200   -11.172
  -91100   -11.328
  -91000   -11.652
  -90900   -11.976
  -90800   -11.616
  -90700   -11.256
  -90600   -11.040
  -90500   -10.824
  -90400   -10.776
  -90300   -10.728
  -90200   -11.148
  -90100   -11.568
  -90000   -11.244
  -89900   -10.920
  -89800   -11.220
  -89700   -11.520
  -89600   -11.520
  -89500   -11.520
  -89400   -11.880
  -89300   -12.240
  -89200   -11.724
  -89100   -11.208
  -89000   -10.968
  -88900   -10.728
  -88800   -10.500
  -88700   -10.272
  -88600   -10.536
  -88500   -10.800
  -88400   -10.836
  -88300   -10.872
  -88200   -10.632
  -88100   -10.392
  -88000   -10.212
  -87900   -10.032
  -87800   -10.116
  -87700   -10.200
  -87600    -9.000
  -87500    -7.800
  -87400    -7.704
  -87300    -7.608
  -87200    -7.260
  -87100    -6.912
  -87000    -6.972
  -86900    -7.032
  -86800    -7.248
  -86700    -7.464
  -86600    -7.236
  -86500    -7.008
  -86400    -7.800
  -86300    -8.592
  -86200    -8.700
  -86100    -8.808
  -86000    -8.208
  -85900    -7.608
  -85800    -7.884
  -85700    -8.160
  -85600    -8.556
  -85500    -8.952
  -85400    -9.180
  -85300    -9.408
  -85200    -9.648
  -85100    -9.888
  -85000   -10.440
  -84900   -10.992
  -84800   -12.372
  -84700   -13.752
  -84600   -13.968
  -84500   -14.184
  -84400   -13.608
  -84300   -13.032
  -84200   -13.056
  -84100   -13.080
  -84000   -12.732
  -83900   -12.384
  -83800   -12.516
  -83700   -12.648
  -83600   -11.928
  -83500   -11.208
  -83400   -11.256
  -83300   -11.304
  -83200   -11.148
  -83100   -10.992
  -83000   -10.680
  -82900   -10.368
  -82800    -9.924
  -82700    -9.480
  -82600    -9.372
  -82500    -9.264
  -82400    -9.660
  -82300   -10.056
  -82200    -8.844
  -82100    -7.632
  -82000    -8.064
  -81900    -8.496
  -81800    -6.768
  -81700    -5.040
  -81600    -3.864
  -81500    -2.688
  -81400    -3.264
  -81300    -3.840
  -81200    -4.092
  -81100    -4.344
  -81000    -3.948
  -80900    -3.552
  -80800    -3.744
  -80700    -3.936
  -80600    -3.696
  -80500    -3.456
  -80400    -4.176
  -80300    -4.896
  -80200    -5.232
  -80100    -5.568
  -80000    -4.752
  -79900    -3.936
  -79800    -4.752
  -79700    -5.568
  -79600    -5.412
  -79500    -5.256
  -79400    -5.268
  -79300    -5.280
  -79200    -5.688
  -79100    -6.096
  -79000    -6.216
  -78900    -6.336
  -78800    -5.904
  -78700    -5.472
  -78600    -5.664
  -78500    -5.856
  -78400    -5.640
  -78300    -5.424
  -78200    -5.604
  -78100    -5.784
  -78000    -5.952
  -77900    -6.120
  -77800    -6.348
  -77700    -6.576
  -77600    -6.840
  -77500    -7.104
  -77400    -7.164
  -77300    -7.224
  -77200    -7.020
  -77100    -6.816
  -77000    -7.596
  -76900    -8.376
  -76800    -8.472
  -76700    -8.568
  -76600    -8.760
  -76500    -8.952
  -76400    -8.892
  -76300    -8.832
  -76200    -9.252
  -76100    -9.672
  -76000   -10.008
  -75900   -10.344
  -75800   -10.752
  -75700   -11.160
  -75600   -10.008
  -75500    -8.856
  -75400    -8.796
  -75300    -8.736
  -75200    -8.244
  -75100    -7.752
  -75000    -8.556
  -74900    -9.360
  -74800    -9.828
  -74700   -10.296
  -74600   -10.836
  -74500   -11.376
  -74400   -11.532
  -74300   -11.688
  -74200   -10.224
  -74100    -8.760
  -74000   -10.248
  -73900   -11.736
  -73800   -13.692
  -73700   -15.648
  -73600   -16.632
  -73500   -17.616
  -73400   -17.856
  -73300   -18.096
  -73200   -18.216
  -73100   -18.336
  -73000   -17.628
  -72900   -16.920
  -72800   -16.668
  -72700   -16.416
  -72600   -13.392
  -72500   -10.368
  -72400    -7.596
  -72300    -4.824
  -72200    -5.040
  -72100    -5.256
  -72000    -5.688
  -71900    -6.120
  -71800    -6.264
  -71700    -6.408
  -71600    -6.372
  -71500    -6.336
  -71400    -6.912
  -71300    -7.488
  -71200    -7.692
  -71100    -7.896
  -71000    -7.992
  -70900    -8.088
  -70800    -8.508
  -70700    -8.928
  -70600    -9.276
  -70500    -9.624
  -70400   -10.128
  -70300   -10.632
  -70200   -10.764
  -70100   -10.896
  -70000   -14.088
  -69900   -17.280
  -69800   -18.228
  -69700   -19.176
  -69600   -19.068
  -69500   -18.960
  -69400   -19.296
  -69300   -19.632
  -69200   -19.404
  -69100   -19.176
  -69000   -19.152
  -68900   -19.128
  -68800   -19.020
  -68700   -18.912
  -68600   -18.636
  -68500   -18.360
  -68400   -12.144
  -68300    -5.928
  -68200    -5.136
  -68100    -4.344
  -68000    -4.728
  -67900    -5.112
  -67800    -5.952
  -67700    -6.792
  -67600    -6.624
  -67500    -6.456
  -67400    -7.188
  -67300    -7.920
  -67200    -8.100
  -67100    -8.280
  -67000    -8.424
  -66900    -8.568
  -66800   -10.032
  -66700   -11.496
  -66600   -12.252
  -66500   -13.008
  -66400   -14.088
  -66300   -15.168
  -66200   -16.536
  -66100   -17.904
  -66000   -17.448
  -65900   -16.992
  -65800   -15.552
  -65700   -14.112
  -65600   -12.360
  -65500   -10.608
  -65400   -13.224
  -65300   -15.840
  -65200   -16.068
  -65100   -16.296
  -65000   -15.768
  -64900   -15.240
  -64800   -15.816
  -64700   -16.392
  -64600   -16.932
  -64500   -17.472
  -64400   -16.920
  -64300   -16.368
  -64200   -16.212
  -64100   -16.056
  -64000   -16.680
  -63900   -17.304
  -63800   -17.076
  -63700   -16.848
  -63600   -16.368
  -63500   -15.888
  -63400   -15.972
  -63300   -16.056
  -63200   -15.852
  -63100   -15.648
  -63000   -15.840
  -62900   -16.032
  -62800   -15.900
  -62700   -15.768
  -62600   -15.864
  -62500   -15.960
  -62400   -16.692
  -62300   -17.424
  -62200   -17.484
  -62100   -17.544
  -62000   -17.604
  -61900   -17.664
  -61800   -16.680
  -61700   -15.696
  -61600   -15.108
  -61500   -14.520
  -61400   -15.372
  -61300   -16.224
  -61200   -16.620
  -61100   -17.016
  -61000   -16.740
  -60900   -16.464
  -60800   -13.680
  -60700   -10.896
  -60600    -9.732
  -60500    -8.568
  -60400   -11.112
  -60300   -13.656
  -60200   -13.716
  -60100   -13.776
  -60000   -14.052
  -59900   -14.328
  -59800   -15.528
  -59700   -16.728
  -59600   -16.368
  -59500   -16.008
  -59400   -16.368
  -59300   -16.728
  -59200   -16.500
  -59100   -16.272
  -59000   -15.828
  -58900   -15.384
  -58800   -15.324
  -58700   -15.264
  -58600   -15.804
  -58500   -16.344
  -58400   -15.996
  -58300   -15.648
  -58200   -15.264
  -58100   -14.880
  -58000   -14.208
  -57900   -13.536
  -57800   -12.912
  -57700   -12.288
  -57600   -13.140
  -57500   -13.992
  -57400   -13.464
  -57300   -12.936
  -57200   -13.380
  -57100   -13.824
  -57000   -14.496
  -56900   -15.168
  -56800   -15.192
  -56700   -15.216
  -56600   -14.664
  -56500   -14.112
  -56400   -10.824
  -56300    -7.536
  -56200    -9.864
  -56100   -12.192
  -56000    -9.324
  -55900    -6.456
  -55800    -6.840
  -55700    -7.224
  -55600    -7.068
  -55500    -6.912
  -55400    -9.732
  -55300   -12.552
  -55200   -11.208
  -55100    -9.864
  -55000    -9.684
  -54900    -9.504
  -54800    -7.908
  -54700    -6.312
  -54600    -6.408
  -54500    -6.504
  -54400    -7.428
  -54300    -8.352
  -54200    -8.484
  -54100    -8.616
  -54000    -8.448
  -53900    -8.280
  -53800    -8.628
  -53700    -8.976
  -53600    -9.168
  -53500    -9.360
  -53400    -9.372
  -53300    -9.384
  -53200   -11.700
  -53100   -14.016
  -53000   -13.524
  -52900   -13.032
  -52800   -13.740
  -52700   -14.448
  -52600   -11.628
  -52500    -8.808
  -52400    -8.208
  -52300    -7.608
  -52200   -10.260
  -52100   -12.912
  -52000   -13.836
  -51900   -14.760
  -51800   -12.504
  -51700   -10.248
  -51600   -12.108
  -51500   -13.968
  -51400   -14.496
  -51300   -15.024
  -51200   -14.700
  -51100   -14.376
  -51000   -10.212
  -50900    -6.048
  -50800    -6.768
  -50700    -7.488
  -50600    -6.876
  -50500    -6.264
  -50400    -6.384
  -50300    -6.504
  -50200    -6.552
  -50100    -6.600
  -50000    -6.792
  -49900    -6.984
  -49800    -7.188
  -49700    -7.392
  -49600    -7.224
  -49500    -7.056
  -49400    -7.548
  -49300    -8.040
  -49200    -7.536
  -49100    -7.032
  -49000    -7.716
  -48900    -8.400
  -48800    -8.040
  -48700    -7.680
  -48600    -8.304
  -48500    -8.928
  -48400    -8.664
  -48300    -8.400
  -48200    -9.108
  -48100    -9.816
  -48000   -10.140
  -47900   -10.464
  -47800   -10.440
  -47700   -10.416
  -47600   -10.584
  -47500   -10.752
  -47400   -10.692
  -47300   -10.632
  -47200   -10.860
  -47100   -11.088
  -47000   -10.788
  -46900   -10.488
  -46800   -10.776
  -46700   -11.064
  -46600   -11.316
  -46500   -11.568
  -46400   -11.556
  -46300   -11.544
  -46200   -11.256
  -46100   -10.968
  -46000   -11.244
  -45900   -11.520
  -45800   -12.672
  -45700   -13.824
  -45600   -11.484
  -45500    -9.144
  -45400    -9.504
  -45300    -9.864
  -45200    -9.948
  -45100   -10.032
  -45000   -11.064
  -44900   -12.096
  -44800   -12.360
  -44700   -12.624
  -44600   -13.836
  -44500   -15.048
  -44400   -15.540
  -44300   -16.032
  -44200   -15.456
  -44100   -14.880
  -44000   -14.796
  -43900   -14.712
  -43800   -14.352
  -43700   -13.992
  -43600   -14.616
  -43500   -15.240
  -43400   -13.056
  -43300   -10.872
  -43200    -7.716
  -43100    -4.560
  -43000    -5.304
  -42900    -6.048
  -42800    -6.012
  -42700    -5.976
  -42600    -5.976
  -42500    -5.976
  -42400    -6.516
  -42300    -7.056
  -42200    -7.512
  -42100    -7.968
  -42000    -7.896
  -41900    -7.824
  -41800    -8.880
  -41700    -9.936
  -41600   -10.128
  -41500   -10.320
  -41400   -10.824
  -41300   -11.328
  -41200   -11.244
  -41100   -11.160
  -41000   -11.220
  -40900   -11.280
  -40800   -11.376
  -40700   -11.472
  -40600   -13.584
  -40500   -15.696
  -40400   -15.612
  -40300   -15.528
  -40200   -16.116
  -40100   -16.704
  -40000   -17.004
  -39900   -17.304
  -39800   -14.232
  -39700   -11.160
  -39600    -9.372
  -39500    -7.584
  -39400    -7.980
  -39300    -8.376
  -39200    -8.880
  -39100    -9.384
  -39000   -10.668
  -38900   -11.952
  -38800   -11.844
  -38700   -11.736
  -38600   -13.920
  -38500   -16.104
  -38400   -16.224
  -38300   -16.344
  -38200   -15.984
  -38100   -15.624
  -38000   -13.248
  -37900   -10.872
  -37800    -9.900
  -37700    -8.928
  -37600    -9.564
  -37500   -10.200
  -37400   -11.412
  -37300   -12.624
  -37200   -14.244
  -37100   -15.864
  -37000   -15.456
  -36900   -15.048
  -36800   -14.736
  -36700   -14.424
  -36600   -13.104
  -36500   -11.784
  -36400   -13.572
  -36300   -15.360
  -36200   -15.552
  -36100   -15.744
  -36000   -16.848
  -35900   -17.952
  -35800   -17.280
  -35700   -16.608
  -35600   -16.392
  -35500   -16.176
  -35400   -16.788
  -35300   -17.400
  -35200   -16.620
  -35100   -15.840
  -35000   -14.856
  -34900   -13.872
  -34800   -10.512
  -34700    -7.152
  -34600    -7.020
  -34500    -6.888
  -34400    -7.020
  -34300    -7.152
  -34200    -7.932
  -34100    -8.712
  -34000    -8.532
  -33900    -8.352
  -33800    -8.712
  -33700    -9.072
  -33600    -9.660
  -33500   -10.248
  -33400   -11.316
  -33300   -12.384
  -33200   -11.400
  -33100   -10.416
  -33000   -12.420
  -32900   -14.424
  -32800   -15.444
  -32700   -16.464
  -32600   -16.440
  -32500   -16.416
  -32400   -16.416
  -32300   -16.416
  -32200   -16.020
  -32100   -15.624
  -32000   -12.012
  -31900    -8.400
  -31800    -8.340
  -31700    -8.280
  -31600    -9.168
  -31500   -10.056
  -31400   -10.788
  -31300   -11.520
  -31200   -13.188
  -31100   -14.856
  -31000   -15.216
  -30900   -15.576
  -30800   -15.384
  -30700   -15.192
  -30600   -15.324
  -30500   -15.456
  -30400   -13.212
  -30300   -10.968
  -30200   -10.680
  -30100   -10.392
  -30000   -12.696
  -29900   -15.000
  -29800   -16.284
  -29700   -17.568
  -29600   -17.124
  -29500   -16.680
  -29400   -16.152
  -29300   -15.624
  -29200   -12.540
  -29100    -9.456
  -29000    -9.708
  -28900    -9.960
  -28800   -12.060
  -28700   -14.160
  -28600   -15.168
  -28500   -16.176
  -28400   -17.172
  -28300   -18.168
  -28200   -17.484
  -28100   -16.800
  -28000   -16.584
  -27900   -16.368
  -27800   -16.812
  -27700   -17.256
  -27600   -15.840
  -27500   -14.424
  -27400   -15.708
  -27300   -16.992
  -27200   -17.196
  -27100   -17.400
  -27000   -17.748
  -26900   -18.096
  -26800   -17.976
  -26700   -17.856
  -26600   -17.448
  -26500   -17.040
  -26400   -16.068
  -26300   -15.096
  -26200   -13.872
  -26100   -12.648
  -26000   -10.440
  -25900    -8.232
  -25800   -12.048
  -25700   -15.864
  -25600   -15.792
  -25500   -15.720
  -25400   -16.140
  -25300   -16.560
  -25200   -13.800
  -25100   -11.040
  -25000   -10.284
  -24900    -9.528
  -24800   -12.840
  -24700   -16.152
  -24600   -15.300
  -24500   -14.448
  -24400   -14.964
  -24300   -15.480
  -24200   -15.696
  -24100   -15.912
  -24000   -15.600
  -23900   -15.288
  -23800   -15.012
  -23700   -14.736
  -23600   -15.324
  -23500   -15.912
  -23400   -17.184
  -23300   -18.456
  -23200   -17.136
  -23100   -15.816
  -23000   -15.480
  -22900   -15.144
  -22800   -15.204
  -22700   -15.264
  -22600   -15.384
  -22500   -15.504
  -22400   -15.180
  -22300   -14.856
  -22200   -16.344
  -22100   -17.832
  -22000   -18.372
  -21900   -18.912
  -21800   -18.540
  -21700   -18.168
  -21600   -17.100
  -21500   -16.032
  -21400   -13.644
  -21300   -11.256
  -21200   -13.272
  -21100   -15.288
  -21000   -13.992
  -20900   -12.696
  -20800   -13.836
  -20700   -14.976
  -20600   -15.336
  -20500   -15.696
  -20400   -14.940
  -20300   -14.184
  -20200   -14.676
  -20100   -15.168
  -20000   -15.312
  -19900   -15.456
  -19800   -15.480
  -19700   -15.504
  -19600   -15.420
  -19500   -15.336
  -19400   -15.012
  -19300   -14.688
  -19200   -14.328
  -19100   -13.968
  -19000   -13.212
  -18900   -12.456
  -18800   -13.404
  -18700   -14.352
  -18600   -13.560
  -18500   -12.768
  -18400   -12.852
  -18300   -12.936
  -18200   -12.588
  -18100   -12.240
  -18000   -11.484
  -17900   -10.728
  -17800   -10.596
  -17700   -10.464
  -17600   -10.884
  -17500   -11.304
  -17400   -10.584
  -17300    -9.864
  -17200    -9.936
  -17100   -10.008
  -17000   -10.320
  -16900   -10.632
  -16800   -10.248
  -16700    -9.864
  -16600   -11.208
  -16500   -12.552
  -16400   -12.588
  -16300   -12.624
  -16200   -12.528
  -16100   -12.432
  -16000   -12.108
  -15900   -11.784
  -15800   -11.628
  -15700   -11.472
  -15600   -12.684
  -15500   -13.896
  -15400   -13.260
  -15300   -12.624
  -15200   -12.516
  -15100   -12.408
  -15000   -11.652
  -14900   -10.896
  -14800   -11.364
  -14700   -11.832
  -14600   -10.620
  -14500    -9.408
  -14400    -5.640
  -14300    -1.872
  -14200    -2.652
  -14100    -3.432
  -14000    -5.472
  -13900    -7.512
  -13800    -7.332
  -13700    -7.152
  -13600    -6.888
  -13500    -6.624
  -13400    -6.732
  -13300    -6.840
  -13200    -7.860
  -13100    -8.880
  -13000   -10.260
  -12900   -11.640
  -12800   -10.344
  -12700    -9.048
  -12600   -12.336
  -12500   -15.624
  -12400   -15.048
  -12300   -14.472
  -12200   -14.220
  -12100   -13.968
  -12000   -13.548
  -11900   -13.128
  -11800   -13.428
  -11700   -13.728
  -11600   -10.416
  -11500    -7.104
  -11400    -6.684
  -11300    -6.264
  -11200    -5.412
  -11100    -4.560
  -11000    -4.416
  -10900    -4.272
  -10800    -4.200
  -10700    -4.128
  -10600    -3.336
  -10500    -2.544
  -10400    -2.376
  -10300    -2.208
  -10200    -1.920
  -10100    -1.632
  -10000    -1.092
   -9900    -0.552
   -9800    -0.252
   -9700     0.048
   -9600     0.144
   -9500     0.240
   -9400     0.492
   -9300     0.744
   -9200     0.420
   -9100     0.096
   -9000     0.312
   -8900     0.528
   -8800     0.144
   -8700    -0.240
   -8600    -0.084
   -8500     0.072
   -8400    -0.324
   -8300    -0.720
   -8200    -1.104
   -8100    -1.488
   -8000    -0.528
   -7900     0.432
   -7800     0.456
   -7700     0.480
   -7600     0.492
   -7500     0.504
   -7400     0.564
   -7300     0.624
   -7200     0.252
   -7100    -0.120
   -7000    -0.012
   -6900     0.096
   -6800     0.012
   -6700    -0.072
   -6600    -0.228
   -6500    -0.384
   -6400    -0.264
   -6300    -0.144
   -6200    -0.264
   -6100    -0.384
   -6000    -0.180
   -5900     0.024
   -5800     0.000
   -5700    -0.024
   -5600    -0.156
   -5500    -0.288
   -5400    -0.372
   -5300    -0.456
   -5200    -0.156
   -5100     0.144
   -5000    -0.204
   -4900    -0.552
   -4800    -0.408
   -4700    -0.264
   -4600    -0.240
   -4500    -0.216
   -4400    -0.132
   -4300    -0.048
   -4200    -0.012
   -4100     0.024
   -4000     0.072
   -3900     0.120
   -3800     0.024
   -3700    -0.072
   -3600     0.132
   -3500     0.336
   -3400     0.096
   -3300    -0.144
   -3200    -0.108
   -3100    -0.072
   -3000    -0.168
   -2900    -0.264
   -2800    -0.024
   -2700     0.216
   -2600     0.000
   -2500    -0.216
   -2400    -0.228
   -2300    -0.240
   -2200    -0.240
   -2100    -0.240
   -2000    -0.468
   -1900    -0.696
   -1800    -0.552
   -1700    -0.408
   -1600    -0.720
   -1500    -1.032
   -1400    -0.660
   -1300    -0.288
   -1200    -0.480
   -1100    -0.672
   -1000    -0.876
    -900    -1.080
    -800    -1.128
    -700    -1.176
    -600    -0.936
    -500    -0.696
    -400    -0.828
    -300    -0.960
    -200    -0.924
    -100    -0.888
       0    -0.888
