-250000,-5.0485316754716
-249900,-5.028117697903021
-249800,-5.007703720334442
-249700,-4.987289742765864
-249600,-4.966875765197284
-249500,-4.946461787628705
-249400,-4.926047810060126
-249300,-4.905633832491548
-249200,-4.885219854922968
-249100,-4.864805877354389
-249000,-4.84439189978581
-248900,-4.824746013215238
-248800,-4.805100126644666
-248700,-4.7854542400740945
-248600,-4.765808353503522
-248500,-4.74616246693295
-248400,-4.726516580362378
-248300,-4.706870693791806
-248200,-4.687224807221234
-248100,-4.667578920650662
-248000,-4.64793303408009
-247900,-4.618536708818893
-247800,-4.589140383557696
-247700,-4.5597440582964985
-247600,-4.530347733035302
-247500,-4.500951407774105
-247400,-4.471555082512908
-247300,-4.442158757251711
-247200,-4.412762431990513
-247100,-4.383366106729317
-247000,-4.35396978146812
-246900,-4.30387572968433
-246800,-4.253781677900542
-246700,-4.203687626116753
-246600,-4.153593574332964
-246500,-4.103499522549175
-246400,-4.0534054707653855
-246300,-4.003311418981597
-246200,-3.9532173671978077
-246100,-3.903123315414019
-246000,-3.85302926363023
-245900,-3.804596987728724
-245800,-3.756164711827218
-245700,-3.707732435925712
-245600,-3.659300160024206
-245500,-3.6108678841227
-245400,-3.562435608221194
-245300,-3.514003332319688
-245200,-3.465571056418182
-245100,-3.417138780516676
-245000,-3.36870650461517
-244900,-3.323855439954353
-244800,-3.2790043752935363
-244700,-3.234153310632719
-244600,-3.189302245971902
-244500,-3.1444511813110854
-244400,-3.0996001166502682
-244300,-3.054749051989451
-244200,-3.009897987328634
-244100,-2.9650469226678173
-244000,-2.920195858007
-243900,-2.880903039877472
-243800,-2.841610221747944
-243700,-2.8023174036184164
-243600,-2.763024585488888
-243500,-2.72373176735936
-243400,-2.684438949229832
-243300,-2.6451461311003044
-243200,-2.605853312970776
-243100,-2.566560494841248
-243000,-2.52726767671172
-242900,-2.4967426019640033
-242800,-2.466217527216286
-242700,-2.4356924524685692
-242600,-2.405167377720852
-242500,-2.374642302973135
-242400,-2.3441172282254183
-242300,-2.313592153477701
-242200,-2.2830670787299843
-242100,-2.252542003982267
-242000,-2.22201692923455
-241900,-2.195053638731557
-241800,-2.168090348228564
-241700,-2.141127057725571
-241600,-2.114163767222578
-241500,-2.087200476719585
-241400,-2.0602371862165922
-241300,-2.033273895713599
-241200,-2.006310605210606
-241100,-1.979347314707613
-241000,-1.95238402420462
-240900,-1.927859524150742
-240800,-1.903335024096864
-240700,-1.878810524042986
-240600,-1.854286023989108
-240500,-1.8297615239352298
-240400,-1.805237023881352
-240300,-1.780712523827474
-240200,-1.7561880237735958
-240100,-1.731663523719718
-240000,-1.70713902366584
-239900,-1.6766452865096009
-239800,-1.6461515493533618
-239700,-1.615657812197123
-239600,-1.585164075040884
-239500,-1.554670337884645
-239400,-1.5241766007284059
-239300,-1.4936828635721668
-239200,-1.463189126415928
-239100,-1.432695389259689
-239000,-1.40220165210345
-238900,-1.381061283678843
-238800,-1.359920915254236
-238700,-1.338780546829629
-238600,-1.317640178405022
-238500,-1.296499809980415
-238400,-1.2753594415558078
-238300,-1.2542190731312008
-238200,-1.2330787047065939
-238100,-1.2119383362819869
-238000,-1.19079796785738
-237900,-1.180183709273921
-237800,-1.169569450690462
-237700,-1.158955192107003
-237600,-1.148340933523544
-237500,-1.137726674940085
-237400,-1.127112416356626
-237300,-1.116498157773167
-237200,-1.105883899189708
-237100,-1.095269640606249
-237000,-1.08465538202279
-236900,-1.083223758347681
-236800,-1.081792134672572
-236700,-1.080360510997463
-236600,-1.078928887322354
-236500,-1.077497263647245
-236400,-1.076065639972136
-236300,-1.074634016297027
-236200,-1.0732023926219179
-236100,-1.071770768946809
-236000,-1.0703391452717
-235900,-1.095004470101884
-235800,-1.119669794932068
-235700,-1.144335119762252
-235600,-1.169000444592436
-235500,-1.19366576942262
-235400,-1.2183310942528038
-235300,-1.2429964190829879
-235200,-1.2676617439131719
-235100,-1.292327068743356
-235000,-1.31699239357354
-234900,-1.34433948355316
-234800,-1.37168657353278
-234700,-1.3990336635123999
-234600,-1.4263807534920199
-234500,-1.4537278434716399
-234400,-1.48107493345126
-234300,-1.50842202343088
-234200,-1.5357691134105
-234100,-1.56311620339012
-234000,-1.59046329336974
-233900,-1.609449222086848
-233800,-1.628435150803956
-233700,-1.647421079521064
-233600,-1.6664070082381721
-233500,-1.68539293695528
-233400,-1.704378865672388
-233300,-1.723364794389496
-233200,-1.742350723106604
-233100,-1.7613366518237121
-233000,-1.78032258054082
-232900,-1.815780191064588
-232800,-1.851237801588356
-232700,-1.886695412112124
-232600,-1.922153022635892
-232500,-1.95761063315966
-232400,-1.993068243683428
-232300,-2.0285258542071958
-232200,-2.063983464730964
-232100,-2.099441075254732
-232000,-2.1348986857785
-231900,-2.167767080247465
-231800,-2.20063547471643
-231700,-2.233503869185395
-231600,-2.2663722636543597
-231500,-2.299240658123325
-231400,-2.33210905259229
-231300,-2.364977447061255
-231200,-2.39784584153022
-231100,-2.4307142359991847
-231000,-2.46358263046815
-230900,-2.513775601610962
-230800,-2.5639685727537738
-230700,-2.6141615438965857
-230600,-2.664354515039398
-230500,-2.7145474861822096
-230400,-2.764740457325022
-230300,-2.814933428467834
-230200,-2.865126399610646
-230100,-2.915319370753458
-230000,-2.96551234189627
-229900,-2.978226671575934
-229800,-2.9909410012555977
-229700,-3.003655330935262
-229600,-3.016369660614926
-229500,-3.02908399029459
-229400,-3.0417983199742538
-229300,-3.0545126496539177
-229200,-3.067226979333582
-229100,-3.079941309013246
-229000,-3.09265563869291
-228900,-3.113841889666628
-228800,-3.1350281406403457
-228700,-3.1562143916140637
-228600,-3.1774006425877817
-228500,-3.1985868935615
-228400,-3.219773144535218
-228300,-3.240959395508936
-228200,-3.262145646482654
-228100,-3.283331897456372
-228000,-3.30451814843009
-227900,-3.304600835796285
-227800,-3.30468352316248
-227700,-3.304766210528675
-227600,-3.30484889789487
-227500,-3.3049315852610652
-227400,-3.30501427262726
-227300,-3.305096959993455
-227200,-3.30517964735965
-227100,-3.305262334725845
-227000,-3.30534502209204
-226900,-3.3024606445694813
-226800,-3.299576267046922
-226700,-3.296691889524363
-226600,-3.293807512001804
-226500,-3.290923134479245
-226400,-3.288038756956686
-226300,-3.285154379434127
-226200,-3.2822700019115683
-226100,-3.279385624389009
-226000,-3.27650124686645
-225900,-3.259984163445697
-225800,-3.243467080024944
-225700,-3.226949996604191
-225600,-3.210432913183438
-225500,-3.193915829762685
-225400,-3.177398746341932
-225300,-3.160881662921179
-225200,-3.1443645795004262
-225100,-3.127847496079673
-225000,-3.11133041265892
-224900,-3.077300275193207
-224800,-3.043270137727494
-224700,-3.009240000261781
-224600,-2.975209862796068
-224500,-2.941179725330355
-224400,-2.9071495878646423
-224300,-2.8731194503989292
-224200,-2.839089312933216
-224100,-2.805059175467503
-224000,-2.77102903800179
-223900,-2.7325979122161033
-223800,-2.694166786430416
-223700,-2.655735660644729
-223600,-2.6173045348590422
-223500,-2.5788734090733554
-223400,-2.540442283287668
-223300,-2.502011157501981
-223200,-2.4635800317162944
-223100,-2.425148905930607
-223000,-2.38671778014492
-222900,-2.328791987550466
-222800,-2.270866194956012
-222700,-2.212940402361558
-222600,-2.155014609767104
-222500,-2.09708881717265
-222400,-2.039163024578196
-222300,-1.981237231983742
-222200,-1.923311439389288
-222100,-1.865385646794834
-222000,-1.80745985420038
-221900,-1.773644810396678
-221800,-1.739829766592976
-221700,-1.706014722789274
-221600,-1.672199678985572
-221500,-1.63838463518187
-221400,-1.604569591378168
-221300,-1.570754547574466
-221200,-1.536939503770764
-221100,-1.503124459967062
-221000,-1.46930941616336
-220900,-1.428377723986256
-220800,-1.387446031809152
-220700,-1.346514339632048
-220600,-1.305582647454944
-220500,-1.26465095527784
-220400,-1.2237192631007359
-220300,-1.182787570923632
-220200,-1.141855878746528
-220100,-1.100924186569424
-220000,-1.05999249439232
-219900,-1.038047436420905
-219800,-1.01610237844949
-219700,-0.994157320478075
-219600,-0.97221226250666
-219500,-0.9502672045352449
-219400,-0.9283221465638299
-219300,-0.906377088592415
-219200,-0.884432030621
-219100,-0.862486972649585
-219000,-0.84054191467817
-218900,-0.8182318153150898
-218800,-0.7959217159520098
-218700,-0.7736116165889297
-218600,-0.7513015172258496
-218500,-0.7289914178627694
-218400,-0.7066813184996894
-218300,-0.6843712191366094
-218200,-0.6620611197735292
-218100,-0.6397510204104491
-218000,-0.617440921047369
-217900,-0.6098550868931453
-217800,-0.6022692527389214
-217700,-0.5946834185846976
-217600,-0.5870975844304738
-217500,-0.57951175027625
-217400,-0.5719259161220263
-217300,-0.5643400819678024
-217200,-0.5567542478135786
-217100,-0.5491684136593548
-217000,-0.541582579505131
-216900,-0.538971672288732
-216800,-0.536360765072333
-216700,-0.533749857855934
-216600,-0.531138950639535
-216500,-0.528528043423136
-216400,-0.525917136206737
-216300,-0.523306228990338
-216200,-0.520695321773939
-216100,-0.51808441455754
-216000,-0.515473507341141
-215900,-0.5238432150217446
-215800,-0.5322129227023482
-215700,-0.5405826303829517
-215600,-0.5489523380635554
-215500,-0.557322045744159
-215400,-0.5656917534247626
-215300,-0.5740614611053663
-215200,-0.5824311687859698
-215100,-0.5908008764665734
-215000,-0.599170584147177
-214900,-0.6216115786974091
-214800,-0.6440525732476412
-214700,-0.6664935677978734
-214600,-0.6889345623481055
-214500,-0.7113755568983375
-214400,-0.7338165514485696
-214300,-0.7562575459988017
-214200,-0.7786985405490339
-214100,-0.8011395350992659
-214000,-0.823580529649498
-213900,-0.8361264907764705
-213800,-0.848672451903443
-213700,-0.8612184130304155
-213600,-0.873764374157388
-213500,-0.8863103352843604
-213400,-0.898856296411333
-213300,-0.9114022575383055
-213200,-0.923948218665278
-213100,-0.9364941797922505
-213000,-0.949040140919223
-212900,-0.9502586021276043
-212800,-0.9514770633359856
-212700,-0.9526955245443669
-212600,-0.9539139857527482
-212500,-0.9551324469611295
-212400,-0.9563509081695107
-212300,-0.957569369377892
-212200,-0.9587878305862734
-212100,-0.9600062917946547
-212000,-0.961224753003036
-211900,-0.9757066257843774
-211800,-0.9901884985657188
-211700,-1.0046703713470602
-211600,-1.0191522441284016
-211500,-1.033634116909743
-211400,-1.0481159896910845
-211300,-1.062597862472426
-211200,-1.0770797352537673
-211100,-1.0915616080351087
-211000,-1.10604348081645
-210900,-1.1160141208320522
-210800,-1.125984760847654
-210700,-1.135955400863256
-210600,-1.145926040878858
-210500,-1.1558966808944602
-210400,-1.165867320910062
-210300,-1.175837960925664
-210200,-1.185808600941266
-210100,-1.1957792409568682
-210000,-1.20574988097247
-209900,-1.212030803890721
-209800,-1.218311726808972
-209700,-1.224592649727223
-209600,-1.230873572645474
-209500,-1.237154495563725
-209400,-1.243435418481976
-209300,-1.249716341400227
-209200,-1.255997264318478
-209100,-1.262278187236729
-209000,-1.26855911015498
-208900,-1.276612231181781
-208800,-1.284665352208582
-208700,-1.2927184732353831
-208600,-1.300771594262184
-208500,-1.308824715288985
-208400,-1.316877836315786
-208300,-1.3249309573425871
-208200,-1.332984078369388
-208100,-1.341037199396189
-208000,-1.34909032042299
-207900,-1.356594471307297
-207800,-1.364098622191604
-207700,-1.371602773075911
-207600,-1.379106923960218
-207500,-1.386611074844525
-207400,-1.394115225728832
-207300,-1.401619376613139
-207200,-1.409123527497446
-207100,-1.416627678381753
-207000,-1.42413182926606
-206900,-1.428245287918434
-206800,-1.432358746570808
-206700,-1.4364722052231822
-206600,-1.440585663875556
-206500,-1.44469912252793
-206400,-1.448812581180304
-206300,-1.4529260398326782
-206200,-1.457039498485052
-206100,-1.461152957137426
-206000,-1.4652664157898
-205900,-1.459364150503956
-205800,-1.453461885218112
-205700,-1.447559619932268
-205600,-1.441657354646424
-205500,-1.4357550893605802
-205400,-1.4298528240747361
-205300,-1.423950558788892
-205200,-1.418048293503048
-205100,-1.412146028217204
-205000,-1.40624376293136
-204900,-1.40703204173978
-204800,-1.4078203205482
-204700,-1.40860859935662
-204600,-1.4093968781650401
-204500,-1.41018515697346
-204400,-1.41097343578188
-204300,-1.4117617145903
-204200,-1.41254999339872
-204100,-1.4133382722071401
-204000,-1.41412655101556
-203900,-1.421452960593367
-203800,-1.428779370171174
-203700,-1.4361057797489811
-203600,-1.443432189326788
-203500,-1.450758598904595
-203400,-1.458085008482402
-203300,-1.465411418060209
-203200,-1.472737827638016
-203100,-1.480064237215823
-203000,-1.48739064679363
-202900,-1.505526586980895
-202800,-1.52366252716816
-202700,-1.541798467355425
-202600,-1.55993440754269
-202500,-1.578070347729955
-202400,-1.59620628791722
-202300,-1.614342228104485
-202200,-1.63247816829175
-202100,-1.6506141084790151
-202000,-1.66875004866628
-201900,-1.6840934066190472
-201800,-1.699436764571814
-201700,-1.7147801225245811
-201600,-1.730123480477348
-201500,-1.745466838430115
-201400,-1.7608101963828822
-201300,-1.776153554335649
-201200,-1.7914969122884161
-201100,-1.806840270241183
-201000,-1.82218362819395
-200900,-1.809529269191684
-200800,-1.7968749101894181
-200700,-1.784220551187152
-200600,-1.771566192184886
-200500,-1.7589118331826201
-200400,-1.746257474180354
-200300,-1.733603115178088
-200200,-1.7209487561758219
-200100,-1.708294397173556
-200000,-1.69564003817129
-199900,-1.7146635044746719
-199800,-1.733686970778054
-199700,-1.752710437081436
-199600,-1.771733903384818
-199500,-1.7907573696882
-199400,-1.809780835991582
-199300,-1.828804302294964
-199200,-1.847827768598346
-199100,-1.866851234901728
-199000,-1.88587470120511
-198900,-1.889935891483514
-198800,-1.893997081761918
-198700,-1.898058272040322
-198600,-1.902119462318726
-198500,-1.90618065259713
-198400,-1.910241842875534
-198300,-1.914303033153938
-198200,-1.918364223432342
-198100,-1.922425413710746
-198000,-1.92648660398915
-197900,-1.939924155402427
-197800,-1.9533617068157039
-197700,-1.966799258228981
-197600,-1.980236809642258
-197500,-1.993674361055535
-197400,-2.007111912468812
-197300,-2.020549463882089
-197200,-2.033987015295366
-197100,-2.047424566708643
-197000,-2.06086211812192
-196900,-2.090548659448216
-196800,-2.1202352007745118
-196700,-2.149921742100808
-196600,-2.179608283427104
-196500,-2.2092948247533997
-196400,-2.238981366079696
-196300,-2.268667907405992
-196200,-2.298354448732288
-196100,-2.3280409900585837
-196000,-2.35772753138488
-195900,-2.404257831264613
-195800,-2.450788131144346
-195700,-2.4973184310240786
-195600,-2.543848730903812
-195500,-2.590379030783545
-195400,-2.636909330663278
-195300,-2.6834396305430106
-195200,-2.729969930422744
-195100,-2.776500230302477
-195000,-2.82303053018221
-194900,-2.849142250188744
-194800,-2.8752539701952777
-194700,-2.901365690201812
-194600,-2.927477410208346
-194500,-2.95358913021488
-194400,-2.979700850221414
-194300,-3.005812570227948
-194200,-3.0319242902344823
-194100,-3.058036010241016
-194000,-3.08414773024755
-193900,-3.065124193226392
-193800,-3.046100656205234
-193700,-3.027077119184076
-193600,-3.008053582162918
-193500,-2.98903004514176
-193400,-2.970006508120602
-193300,-2.950982971099444
-193200,-2.931959434078286
-193100,-2.912935897057128
-193000,-2.89391236003597
-192900,-2.921547231903183
-192800,-2.9491821037703962
-192700,-2.9768169756376093
-192600,-3.0044518475048223
-192500,-3.0320867193720353
-192400,-3.059721591239248
-192300,-3.087356463106461
-192200,-3.114991334973674
-192100,-3.142626206840887
-192000,-3.1702610787081
-191900,-3.1779437325943602
-191800,-3.18562638648062
-191700,-3.19330904036688
-191600,-3.20099169425314
-191500,-3.2086743481394002
-191400,-3.21635700202566
-191300,-3.2240396559119198
-191200,-3.23172230979818
-191100,-3.23940496368444
-191000,-3.2470876175707
-190900,-3.263774400901949
-190800,-3.280461184233198
-190700,-3.297147967564447
-190600,-3.313834750895696
-190500,-3.330521534226945
-190400,-3.347208317558194
-190300,-3.363895100889443
-190200,-3.380581884220692
-190100,-3.397268667551941
-190000,-3.41395545088319
-189900,-3.422068628017462
-189800,-3.430181805151734
-189700,-3.438294982286006
-189600,-3.446408159420278
-189500,-3.45452133655455
-189400,-3.462634513688822
-189300,-3.470747690823094
-189200,-3.478860867957366
-189100,-3.486974045091638
-189000,-3.49508722222591
-188900,-3.518596703062442
-188800,-3.542106183898974
-188700,-3.565615664735506
-188600,-3.589125145572038
-188500,-3.6126346264085702
-188400,-3.636144107245102
-188300,-3.659653588081634
-188200,-3.6831630689181662
-188100,-3.706672549754698
-188000,-3.73018203059123
-187900,-3.760785209590966
-187800,-3.7913883885907023
-187700,-3.821991567590438
-187600,-3.852594746590174
-187500,-3.88319792558991
-187400,-3.913801104589646
-187300,-3.944404283589382
-187200,-3.975007462589118
-187100,-4.005610641588854
-187000,-4.03621382058859
-186900,-4.065585185987492
-186800,-4.094956551386394
-186700,-4.124327916785296
-186600,-4.153699282184198
-186500,-4.1830706475831
-186400,-4.2124420129820015
-186300,-4.241813378380904
-186200,-4.271184743779806
-186100,-4.300556109178708
-186000,-4.32992747457761
-185900,-4.351348201588356
-185800,-4.372768928599101
-185700,-4.394189655609848
-185600,-4.415610382620594
-185500,-4.43703110963134
-185400,-4.4584518366420856
-185300,-4.479872563652831
-185200,-4.501293290663578
-185100,-4.522714017674324
-185000,-4.54413474468507
-184900,-4.5535718738064555
-184800,-4.563009002927842
-184700,-4.572446132049228
-184600,-4.5818832611706135
-184500,-4.591320390291999
-184400,-4.600757519413386
-184300,-4.610194648534772
-184200,-4.619631777656157
-184100,-4.629068906777544
-184000,-4.63850603589893
-183900,-4.644868274242054
-183800,-4.651230512585178
-183700,-4.657592750928302
-183600,-4.663954989271426
-183500,-4.67031722761455
-183400,-4.676679465957673
-183300,-4.6830417043007975
-183200,-4.689403942643922
-183100,-4.695766180987046
-183000,-4.70212841933017
-182900,-4.696257642403664
-182800,-4.690386865477158
-182700,-4.684516088550652
-182600,-4.6786453116241455
-182500,-4.6727745346976395
-182400,-4.666903757771134
-182300,-4.661032980844628
-182200,-4.655162203918122
-182100,-4.649291426991616
-182000,-4.64342065006511
-181900,-4.6324793932674915
-181800,-4.621538136469872
-181700,-4.6105968796722525
-181600,-4.599655622874634
-181500,-4.588714366077015
-181400,-4.577773109279396
-181300,-4.566831852481776
-181200,-4.555890595684158
-181100,-4.544949338886539
-181000,-4.53400808208892
-180900,-4.529806836313696
-180800,-4.525605590538474
-180700,-4.52140434476325
-180600,-4.517203098988028
-180500,-4.5130018532128044
-180400,-4.508800607437582
-180300,-4.5045993616623585
-180200,-4.500398115887136
-180100,-4.496196870111913
-180000,-4.49199562433669
-179900,-4.488475721626192
-179800,-4.484955818915694
-179700,-4.481435916205196
-179600,-4.477916013494698
-179500,-4.4743961107842
-179400,-4.470876208073702
-179300,-4.467356305363204
-179200,-4.463836402652706
-179100,-4.460316499942208
-179000,-4.45679659723171
-178900,-4.453878233955659
-178800,-4.450959870679608
-178700,-4.448041507403557
-178600,-4.445123144127506
-178500,-4.442204780851455
-178400,-4.439286417575404
-178300,-4.436368054299352
-178200,-4.433449691023302
-178100,-4.430531327747251
-178000,-4.4276129644712
-177900,-4.431270988280827
-177800,-4.434929012090456
-177700,-4.438587035900084
-177600,-4.442245059709712
-177500,-4.44590308351934
-177400,-4.449561107328968
-177300,-4.453219131138596
-177200,-4.456877154948224
-177100,-4.460535178757852
-177000,-4.46419320256748
-176900,-4.474119065398363
-176800,-4.484044928229246
-176700,-4.4939707910601285
-176600,-4.503896653891012
-176500,-4.513822516721895
-176400,-4.523748379552778
-176300,-4.533674242383661
-176200,-4.543600105214543
-176100,-4.5535259680454265
-176000,-4.56345183087631
-175900,-4.5766737378229205
-175800,-4.589895644769531
-175700,-4.603117551716143
-175600,-4.616339458662754
-175500,-4.629561365609365
-175400,-4.642783272555976
-175300,-4.6560051795025865
-175200,-4.669227086449198
-175100,-4.682448993395809
-175000,-4.69567090034242
-174900,-4.705239106684384
-174800,-4.714807313026348
-174700,-4.724375519368312
-174600,-4.733943725710276
-174500,-4.74351193205224
-174400,-4.753080138394204
-174300,-4.762648344736168
-174200,-4.772216551078132
-174100,-4.7817847574200965
-174000,-4.79135296376206
-173900,-4.784346973948104
-173800,-4.777340984134148
-173700,-4.7703349943201925
-173600,-4.763329004506236
-173500,-4.7563230146922795
-173400,-4.749317024878324
-173300,-4.742311035064368
-173200,-4.735305045250412
-173100,-4.728299055436455
-173000,-4.7212930656225
-172900,-4.719125096957026
-172800,-4.716957128291554
-172700,-4.714789159626081
-172600,-4.712621190960608
-172500,-4.7104532222951345
-172400,-4.708285253629662
-172300,-4.706117284964189
-172200,-4.703949316298716
-172100,-4.7017813476332435
-172000,-4.69961337896777
-171900,-4.700563261070214
-171800,-4.701513143172658
-171700,-4.702463025275102
-171600,-4.703412907377546
-171500,-4.70436278947999
-171400,-4.705312671582434
-171300,-4.706262553684878
-171200,-4.707212435787322
-171100,-4.708162317889766
-171000,-4.70911219999221
-170900,-4.70543120162405
-170800,-4.70175020325589
-170700,-4.698069204887729
-170600,-4.6943882065195695
-170500,-4.69070720815141
-170400,-4.68702620978325
-170300,-4.68334521141509
-170200,-4.679664213046929
-170100,-4.675983214678769
-170000,-4.67230221631061
-169900,-4.687207601554872
-169800,-4.702112986799134
-169700,-4.717018372043396
-169600,-4.731923757287658
-169500,-4.7468291425319205
-169400,-4.7617345277761824
-169300,-4.776639913020444
-169200,-4.791545298264706
-169100,-4.806450683508968
-169000,-4.82135606875323
-168900,-4.827417662672286
-168800,-4.833479256591341
-168700,-4.839540850510395
-168600,-4.84560244442945
-168500,-4.851664038348505
-168400,-4.85772563226756
-168300,-4.8637872261866155
-168200,-4.86984882010567
-168100,-4.875910414024725
-168000,-4.88197200794378
-167900,-4.890435721004483
-167800,-4.898899434065186
-167700,-4.907363147125889
-167600,-4.915826860186592
-167500,-4.924290573247295
-167400,-4.932754286307998
-167300,-4.941217999368701
-167200,-4.949681712429404
-167100,-4.958145425490107
-167000,-4.96660913855081
-166900,-4.966050986697484
-166800,-4.965492834844158
-166700,-4.964934682990832
-166600,-4.964376531137506
-166500,-4.96381837928418
-166400,-4.963260227430854
-166300,-4.9627020755775275
-166200,-4.962143923724202
-166100,-4.961585771870876
-166000,-4.96102762001755
-165900,-4.963389968500421
-165800,-4.965752316983292
-165700,-4.968114665466163
-165600,-4.970477013949034
-165500,-4.972839362431905
-165400,-4.975201710914776
-165300,-4.977564059397647
-165200,-4.979926407880518
-165100,-4.982288756363389
-165000,-4.98465110484626
-164900,-4.982156592245784
-164800,-4.979662079645308
-164700,-4.977167567044832
-164600,-4.974673054444356
-164500,-4.9721785418438795
-164400,-4.969684029243404
-164300,-4.967189516642928
-164200,-4.964695004042452
-164100,-4.962200491441976
-164000,-4.9597059788415
-163900,-4.9559960488815795
-163800,-4.95228611892166
-163700,-4.94857618896174
-163600,-4.94486625900182
-163500,-4.9411563290419
-163400,-4.9374463990819795
-163300,-4.93373646912206
-163200,-4.93002653916214
-163100,-4.92631660920222
-163000,-4.9226066792423
-162900,-4.930378557172542
-162800,-4.938150435102783
-162700,-4.945922313033026
-162600,-4.953694190963268
-162500,-4.961466068893509
-162400,-4.9692379468237515
-162300,-4.977009824753994
-162200,-4.984781702684236
-162100,-4.992553580614477
-162000,-5.00032545854472
-161900,-5.006828927695079
-161800,-5.0133323968454375
-161700,-5.0198358659957965
-161600,-5.026339335146155
-161500,-5.032842804296514
-161400,-5.039346273446874
-161300,-5.045849742597233
-161200,-5.052353211747592
-161100,-5.058856680897951
-161000,-5.06536015004831
-160900,-5.067875857543729
-160800,-5.070391565039148
-160700,-5.072907272534567
-160600,-5.075422980029986
-160500,-5.077938687525405
-160400,-5.0804543950208245
-160300,-5.082970102516243
-160200,-5.0854858100116624
-160100,-5.088001517507081
-160000,-5.0905172250025
-159900,-5.093588792327809
-159800,-5.096660359653118
-159700,-5.099731926978428
-159600,-5.102803494303736
-159500,-5.105875061629045
-159400,-5.108946628954354
-159300,-5.112018196279663
-159200,-5.115089763604972
-159100,-5.118161330930281
-159000,-5.12123289825559
-158900,-5.12921299147262
-158800,-5.13719308468965
-158700,-5.145173177906679
-158600,-5.15315327112371
-158500,-5.16113336434074
-158400,-5.16911345755777
-158300,-5.177093550774799
-158200,-5.18507364399183
-158100,-5.19305373720886
-158000,-5.20103383042589
-157900,-5.208350962120453
-157800,-5.215668093815015
-157700,-5.2229852255095786
-157600,-5.230302357204142
-157500,-5.237619488898705
-157400,-5.2449366205932675
-157300,-5.252253752287831
-157200,-5.259570883982394
-157100,-5.266888015676956
-157000,-5.27420514737152
-156900,-5.2585790390168325
-156800,-5.242952930662145
-156700,-5.227326822307459
-156600,-5.211700713952772
-156500,-5.196074605598085
-156400,-5.180448497243398
-156300,-5.164822388888711
-156200,-5.149196280534024
-156100,-5.133570172179337
-156000,-5.11794406382465
-155900,-5.119111699171843
-155800,-5.120279334519036
-155700,-5.121446969866229
-155600,-5.122614605213422
-155500,-5.123782240560615
-155400,-5.124949875907808
-155300,-5.126117511255001
-155200,-5.127285146602194
-155100,-5.128452781949386
-155000,-5.12962041729658
-154900,-5.137730730194618
-154800,-5.1458410430926556
-154700,-5.153951355990694
-154600,-5.1620616688887315
-154500,-5.17017198178677
-154400,-5.178282294684808
-154300,-5.186392607582846
-154200,-5.194502920480884
-154100,-5.202613233378922
-154000,-5.21072354627696
-153900,-5.223633010546523
-153800,-5.236542474816086
-153700,-5.249451939085649
-153600,-5.262361403355212
-153500,-5.275270867624775
-153400,-5.288180331894338
-153300,-5.301089796163901
-153200,-5.313999260433464
-153100,-5.326908724703027
-153000,-5.33981818897259
-152900,-5.329669576310344
-152800,-5.3195209636481
-152700,-5.309372350985855
-152600,-5.29922373832361
-152500,-5.289075125661364
-152400,-5.27892651299912
-152300,-5.268777900336875
-152200,-5.25862928767463
-152100,-5.2484806750123845
-152000,-5.23833206235014
-151900,-5.242994817694183
-151800,-5.247657573038226
-151700,-5.252320328382269
-151600,-5.256983083726312
-151500,-5.261645839070355
-151400,-5.266308594414398
-151300,-5.270971349758441
-151200,-5.275634105102484
-151100,-5.280296860446527
-151000,-5.28495961579057
-150900,-5.301914624324264
-150800,-5.318869632857958
-150700,-5.335824641391652
-150600,-5.352779649925346
-150500,-5.3697346584590395
-150400,-5.3866896669927335
-150300,-5.403644675526428
-150200,-5.420599684060122
-150100,-5.437554692593816
-150000,-5.45450970112751
-149900,-5.462659741212015
-149800,-5.47080978129652
-149700,-5.478959821381025
-149600,-5.48710986146553
-149500,-5.495259901550035
-149400,-5.50340994163454
-149300,-5.511559981719045
-149200,-5.51971002180355
-149100,-5.527860061888055
-149000,-5.53601010197256
-148900,-5.564020506882997
-148800,-5.592030911793434
-148700,-5.620041316703872
-148600,-5.6480517216143085
-148500,-5.676062126524745
-148400,-5.704072531435182
-148300,-5.732082936345619
-148200,-5.760093341256057
-148100,-5.7881037461664935
-148000,-5.81611415107693
-147900,-5.81394722370291
-147800,-5.81178029632889
-147700,-5.80961336895487
-147600,-5.80744644158085
-147500,-5.8052795142068305
-147400,-5.80311258683281
-147300,-5.80094565945879
-147200,-5.79877873208477
-147100,-5.79661180471075
-147000,-5.79444487733673
-146900,-5.786183453664737
-146800,-5.777922029992744
-146700,-5.769660606320751
-146600,-5.761399182648757
-146500,-5.753137758976765
-146400,-5.744876335304772
-146300,-5.7366149116327785
-146200,-5.728353487960786
-146100,-5.720092064288792
-146000,-5.7118306406168
-145900,-5.698150937304803
-145800,-5.684471233992806
-145700,-5.670791530680809
-145600,-5.657111827368812
-145500,-5.643432124056815
-145400,-5.6297524207448175
-145300,-5.616072717432821
-145200,-5.602393014120824
-145100,-5.588713310808827
-145000,-5.57503360749683
-144900,-5.565794959064002
-144800,-5.556556310631174
-144700,-5.547317662198346
-144600,-5.538079013765518
-144500,-5.52884036533269
-144400,-5.519601716899862
-144300,-5.510363068467034
-144200,-5.501124420034206
-144100,-5.491885771601378
-144000,-5.48264712316855
-143900,-5.468009208506379
-143800,-5.453371293844208
-143700,-5.438733379182037
-143600,-5.4240954645198665
-143500,-5.409457549857695
-143400,-5.394819635195524
-143300,-5.380181720533353
-143200,-5.365543805871182
-143100,-5.3509058912090115
-143000,-5.33626797654684
-142900,-5.3262813135283285
-142800,-5.316294650509816
-142700,-5.306307987491304
-142600,-5.296321324472792
-142500,-5.28633466145428
-142400,-5.276347998435768
-142300,-5.266361335417256
-142200,-5.256374672398744
-142100,-5.246388009380231
-142000,-5.23640134636172
-141900,-5.237693055132421
-141800,-5.2389847639031215
-141700,-5.2402764726738225
-141600,-5.241568181444523
-141500,-5.242859890215225
-141400,-5.244151598985926
-141300,-5.245443307756627
-141200,-5.246735016527328
-141100,-5.248026725298029
-141000,-5.24931843406873
-140900,-5.243026809050955
-140800,-5.23673518403318
-140700,-5.230443559015405
-140600,-5.22415193399763
-140500,-5.217860308979855
-140400,-5.21156868396208
-140300,-5.205277058944305
-140200,-5.19898543392653
-140100,-5.192693808908755
-140000,-5.18640218389098
-139900,-5.180305351617557
-139800,-5.174208519344134
-139700,-5.168111687070711
-139600,-5.162014854797288
-139500,-5.155918022523865
-139400,-5.149821190250441
-139300,-5.143724357977018
-139200,-5.1376275257035955
-139100,-5.1315306934301725
-139000,-5.12543386115675
-138900,-5.113216039097467
-138800,-5.100998217038184
-138700,-5.088780394978901
-138600,-5.0765625729196175
-138500,-5.064344750860335
-138400,-5.052126928801052
-138300,-5.039909106741769
-138200,-5.027691284682486
-138100,-5.015473462623203
-138000,-5.00325564056392
-137900,-4.985739523026219
-137800,-4.968223405488518
-137700,-4.950707287950817
-137600,-4.933191170413116
-137500,-4.915675052875415
-137400,-4.898158935337714
-137300,-4.880642817800013
-137200,-4.863126700262312
-137100,-4.845610582724611
-137000,-4.82809446518691
-136900,-4.800334068278429
-136800,-4.772573671369947
-136700,-4.744813274461464
-136600,-4.717052877552982
-136500,-4.6892924806445
-136400,-4.661532083736018
-136300,-4.6337716868275365
-136200,-4.606011289919054
-136100,-4.578250893010572
-136000,-4.55049049610209
-135900,-4.505894382325697
-135800,-4.461298268549304
-135700,-4.416702154772911
-135600,-4.372106040996518
-135500,-4.327509927220126
-135400,-4.282913813443733
-135300,-4.2383176996673395
-135200,-4.1937215858909465
-135100,-4.149125472114553
-135000,-4.10452935833816
-134900,-4.047570849144478
-134800,-3.9906123399507942
-134700,-3.933653830757111
-134600,-3.876695321563428
-134500,-3.8197368123697455
-134400,-3.7627783031760624
-134300,-3.7058197939823794
-134200,-3.6488612847886963
-134100,-3.5919027755950133
-134000,-3.53494426640133
-133900,-3.472633893284664
-133800,-3.410323520167998
-133700,-3.3480131470513323
-133600,-3.2857027739346663
-133500,-3.223392400818
-133400,-3.161082027701334
-133300,-3.098771654584668
-133200,-3.0364612814680023
-133100,-2.974150908351336
-133000,-2.91184053523467
-132900,-2.85336349193752
-132800,-2.79488644864037
-132700,-2.73640940534322
-132600,-2.67793236204607
-132500,-2.61945531874892
-132400,-2.56097827545177
-132300,-2.50250123215462
-132200,-2.44402418885747
-132100,-2.38554714556032
-132000,-2.32707010226317
-131900,-2.268038202683116
-131800,-2.209006303103062
-131700,-2.149974403523008
-131600,-2.090942503942954
-131500,-2.0319106043629
-131400,-1.972878704782846
-131300,-1.913846805202792
-131200,-1.8548149056227379
-131100,-1.795783006042684
-131000,-1.73675110646263
-130900,-1.657075257888701
-130800,-1.577399409314772
-130700,-1.497723560740843
-130600,-1.418047712166914
-130500,-1.338371863592985
-130400,-1.258696015019056
-130300,-1.179020166445127
-130200,-1.099344317871198
-130100,-1.019668469297269
-130000,-0.93999262072334
-129900,-0.8755205339526552
-129800,-0.8110484471819704
-129700,-0.7465763604112856
-129600,-0.6821042736406008
-129500,-0.617632186869916
-129400,-0.5531601000992312
-129300,-0.4886880133285464
-129200,-0.4242159265578616
-129100,-0.35974383978717683
-129000,-0.295271753016492
-128900,-0.23908532044607556
-128800,-0.18289888787565906
-128700,-0.12671245530524256
-128600,-0.07052602273482605
-128500,-0.0143395901644095
-128400,0.04184684240600697
-128300,0.09803327497642347
-128200,0.15421970754684
-128100,0.2104061401172565
-128000,0.266592572687673
-127900,0.3146959520248786
-127800,0.3627993313620842
-127700,0.4109027106992898
-127600,0.4590060900364954
-127500,0.507109469373701
-127400,0.5552128487109066
-127300,0.6033162280481121
-127200,0.6514196073853178
-127100,0.6995229867225234
-127000,0.747626366059729
-126900,0.7912825023513681
-126800,0.8349386386430072
-126700,0.8785947749346463
-126600,0.9222509112262853
-126500,0.9659070475179246
-126400,1.0095631838095636
-126300,1.0532193201012028
-126200,1.0968754563928418
-126100,1.140531592684481
-126000,1.18418772897612
-125900,1.215248150616938
-125800,1.246308572257756
-125700,1.277368993898574
-125600,1.308429415539392
-125500,1.33948983718021
-125400,1.3705502588210279
-125300,1.401610680461846
-125200,1.432671102102664
-125100,1.463731523743482
-125000,1.4947919453843
-124900,1.523451489993768
-124800,1.5521110346032359
-124700,1.580770579212704
-124600,1.609430123822172
-124500,1.63808966843164
-124400,1.666749213041108
-124300,1.6954087576505759
-124200,1.724068302260044
-124100,1.752727846869512
-124000,1.78138739147898
-123900,1.8024155407469589
-123800,1.823443690014938
-123700,1.844471839282917
-123600,1.865499988550896
-123500,1.886528137818875
-123400,1.9075562870868539
-123300,1.928584436354833
-123200,1.949612585622812
-123100,1.970640734890791
-123000,1.99166888415877
-122900,1.990797836643192
-122800,1.989926789127614
-122700,1.989055741612036
-122600,1.988184694096458
-122500,1.9873136465808798
-122400,1.9864425990653019
-122300,1.9855715515497239
-122200,1.9847005040341459
-122100,1.983829456518568
-122000,1.98295840900299
-121900,1.969658472186769
-121800,1.956358535370548
-121700,1.943058598554327
-121600,1.929758661738106
-121500,1.916458724921885
-121400,1.903158788105664
-121300,1.889858851289443
-121200,1.876558914473222
-121100,1.863258977657001
-121000,1.84995904084078
-120900,1.819202100658015
-120800,1.78844516047525
-120700,1.757688220292485
-120600,1.72693128010972
-120500,1.696174339926955
-120400,1.66541739974419
-120300,1.634660459561425
-120200,1.60390351937866
-120100,1.573146579195895
-120000,1.54238963901313
-119900,1.498121502047242
-119800,1.453853365081354
-119700,1.409585228115466
-119600,1.365317091149578
-119500,1.32104895418369
-119400,1.276780817217802
-119300,1.232512680251914
-119200,1.188244543286026
-119100,1.1439764063201379
-119000,1.09970826935425
-118900,1.0570719181828545
-118800,1.0144355670114589
-118700,0.9717992158400635
-118600,0.9291628646686679
-118500,0.8865265134972724
-118400,0.843890162325877
-118300,0.8012538111544815
-118200,0.7586174599830859
-118100,0.7159811088116905
-118000,0.673344757640295
-117900,0.6339070559345146
-117800,0.5944693542287343
-117700,0.5550316525229537
-117600,0.5155939508171734
-117500,0.476156249111393
-117400,0.4367185474056126
-117300,0.39728084569983224
-117200,0.3578431439940518
-117100,0.3184054422882714
-117000,0.278967740582491
-116900,0.2388257275573949
-116800,0.19868371453229877
-116700,0.1585417015072027
-116600,0.11839968848210661
-116500,0.07825767545701051
-116400,0.03811566243191439
-116300,-0.0020263505931816944
-116200,-0.042168363618277804
-116100,-0.0823103766433739
-116000,-0.12245238966847
-115900,-0.15814985093425682
-115800,-0.1938473122000436
-115700,-0.2295447734658304
-115600,-0.26524223473161723
-115500,-0.300939695997404
-115400,-0.33663715726319077
-115300,-0.3723346185289776
-115200,-0.4080320797947644
-115100,-0.4437295410605512
-115000,-0.479427002326338
-114900,-0.5082967693639437
-114800,-0.5371665364015494
-114700,-0.5660363034391551
-114600,-0.5949060704767608
-114500,-0.6237758375143665
-114400,-0.6526456045519722
-114300,-0.6815153715895779
-114200,-0.7103851386271837
-114100,-0.7392549056647894
-114000,-0.768124672702395
-113900,-0.8032031196201475
-113800,-0.8382815665379
-113700,-0.8733600134556525
-113600,-0.908438460373405
-113500,-0.9435169072911576
-113400,-0.97859535420891
-113300,-1.0136738011266624
-113200,-1.048752248044415
-113100,-1.0838306949621674
-113000,-1.11890914187992
-112900,-1.159301618395793
-112800,-1.1996940949116661
-112700,-1.2400865714275389
-112600,-1.280479047943412
-112500,-1.320871524459285
-112400,-1.361264000975158
-112300,-1.401656477491031
-112200,-1.4420489540069041
-112100,-1.482441430522777
-112000,-1.52283390703865
-111900,-1.5634166353608432
-111800,-1.603999363683036
-111700,-1.644582092005229
-111600,-1.685164820327422
-111500,-1.725747548649615
-111400,-1.7663302769718079
-111300,-1.806913005294001
-111200,-1.847495733616194
-111100,-1.888078461938387
-111000,-1.92866119026058
-110900,-1.958786534432988
-110800,-1.9889118786053959
-110700,-2.019037222777804
-110600,-2.049162566950212
-110500,-2.07928791112262
-110400,-2.109413255295028
-110300,-2.139538599467436
-110200,-2.169663943639844
-110100,-2.1997892878122522
-110000,-2.22991463198466
-109900,-2.228758758948742
-109800,-2.227602885912824
-109700,-2.226447012876906
-109600,-2.225291139840988
-109500,-2.22413526680507
-109400,-2.222979393769152
-109300,-2.221823520733234
-109200,-2.220667647697316
-109100,-2.219511774661398
-109000,-2.21835590162548
-108900,-2.211950989104444
-108800,-2.205546076583408
-108700,-2.1991411640623717
-108600,-2.192736251541336
-108500,-2.1863313390203
-108400,-2.179926426499264
-108300,-2.173521513978228
-108200,-2.1671166014571916
-108100,-2.1607116889361557
-108000,-2.15430677641512
-107900,-2.1448549478585406
-107800,-2.135403119301962
-107700,-2.125951290745383
-107600,-2.116499462188804
-107500,-2.1070476336322246
-107400,-2.097595805075646
-107300,-2.088143976519067
-107200,-2.078692147962488
-107100,-2.0692403194059086
-107000,-2.05978849084933
-106900,-2.047395204890615
-106800,-2.0350019189318997
-106700,-2.022608632973185
-106600,-2.0102153470144697
-106500,-1.9978220610557549
-106400,-1.9854287750970399
-106300,-1.9730354891383248
-106200,-1.96064220317961
-106100,-1.948248917220895
-106000,-1.93585563126218
-105900,-1.924725325785863
-105800,-1.913595020309546
-105700,-1.902464714833229
-105600,-1.891334409356912
-105500,-1.880204103880595
-105400,-1.869073798404278
-105300,-1.857943492927961
-105200,-1.846813187451644
-105100,-1.835682881975327
-105000,-1.82455257649901
-104900,-1.81694215213043
-104800,-1.8093317277618501
-104700,-1.80172130339327
-104600,-1.79411087902469
-104500,-1.78650045465611
-104400,-1.7788900302875301
-104300,-1.7712796059189502
-104200,-1.76366918155037
-104100,-1.75605875718179
-104000,-1.74844833281321
-103900,-1.7331927237509492
-103800,-1.7179371146886881
-103700,-1.702681505626427
-103600,-1.6874258965641662
-103500,-1.672170287501905
-103400,-1.656914678439644
-103300,-1.6416590693773832
-103200,-1.626403460315122
-103100,-1.6111478512528612
-103000,-1.5958922421906
-102900,-1.5927943030931642
-102800,-1.589696363995728
-102700,-1.586598424898292
-102600,-1.5835004858008561
-102500,-1.5804025467034202
-102400,-1.577304607605984
-102300,-1.574206668508548
-102200,-1.5711087294111121
-102100,-1.568010790313676
-102000,-1.56491285121624
-101900,-1.558072240854109
-101800,-1.551231630491978
-101700,-1.544391020129847
-101600,-1.537550409767716
-101500,-1.5307097994055852
-101400,-1.5238691890434541
-101300,-1.5170285786813231
-101200,-1.510187968319192
-101100,-1.503347357957061
-101000,-1.49650674759493
-100900,-1.501968476459554
-100800,-1.5074302053241782
-100700,-1.512891934188802
-100600,-1.518353663053426
-100500,-1.52381539191805
-100400,-1.529277120782674
-100300,-1.534738849647298
-100200,-1.540200578511922
-100100,-1.545662307376546
-100000,-1.55112403624117
-99900,-1.556910498809701
-99800,-1.562696961378232
-99700,-1.568483423946763
-99600,-1.574269886515294
-99500,-1.5800563490838249
-99400,-1.585842811652356
-99300,-1.591629274220887
-99200,-1.597415736789418
-99100,-1.6032021993579488
-99000,-1.60898866192648
-98900,-1.61966770859832
-98800,-1.63034675527016
-98700,-1.6410258019419999
-98600,-1.65170484861384
-98500,-1.66238389528568
-98400,-1.67306294195752
-98300,-1.68374198862936
-98200,-1.6944210353012
-98100,-1.70510008197304
-98000,-1.71577912864488
-97900,-1.7328224353671131
-97800,-1.749865742089346
-97700,-1.766909048811579
-97600,-1.783952355533812
-97500,-1.800995662256045
-97400,-1.818038968978278
-97300,-1.835082275700511
-97200,-1.852125582422744
-97100,-1.869168889144977
-97000,-1.88621219586721
-96900,-1.904774082924178
-96800,-1.923335969981146
-96700,-1.941897857038114
-96600,-1.9604597440950822
-96500,-1.97902163115205
-96400,-1.997583518209018
-96300,-2.016145405265986
-96200,-2.0347072923229543
-96100,-2.0532691793799223
-96000,-2.07183106643689
-95900,-2.088755686166236
-95800,-2.105680305895582
-95700,-2.122604925624928
-95600,-2.139529545354274
-95500,-2.15645416508362
-95400,-2.173378784812966
-95300,-2.190303404542312
-95200,-2.207228024271658
-95100,-2.224152644001004
-95000,-2.24107726373035
-94900,-2.259251507107209
-94800,-2.2774257504840683
-94700,-2.295599993860927
-94600,-2.3137742372377863
-94500,-2.331948480614645
-94400,-2.350122723991504
-94300,-2.368296967368363
-94200,-2.386471210745222
-94100,-2.404645454122081
-94000,-2.42281969749894
-93900,-2.4405205643977492
-93800,-2.458221431296558
-93700,-2.475922298195367
-93600,-2.493623165094176
-93500,-2.5113240319929853
-93400,-2.529024898891794
-93300,-2.546725765790603
-93200,-2.564426632689412
-93100,-2.5821274995882213
-93000,-2.59982836648703
-92900,-2.60787208877261
-92800,-2.61591581105819
-92700,-2.62395953334377
-92600,-2.6320032556293502
-92500,-2.6400469779149303
-92400,-2.64809070020051
-92300,-2.65613442248609
-92200,-2.66417814477167
-92100,-2.67222186705725
-92000,-2.68026558934283
-91900,-2.689106104143712
-91800,-2.697946618944594
-91700,-2.706787133745476
-91600,-2.715627648546358
-91500,-2.72446816334724
-91400,-2.733308678148122
-91300,-2.7421491929490043
-91200,-2.750989707749886
-91100,-2.759830222550768
-91000,-2.76867073735165
-90900,-2.773711683303274
-90800,-2.7787526292548983
-90700,-2.783793575206522
-90600,-2.788834521158146
-90500,-2.7938754671097703
-90400,-2.798916413061394
-90300,-2.803957359013018
-90200,-2.808998304964642
-90100,-2.814039250916266
-90000,-2.81908019686789
-89900,-2.819384411011053
-89800,-2.819688625154216
-89700,-2.819992839297379
-89600,-2.8202970534405423
-89500,-2.8206012675837053
-89400,-2.820905481726868
-89300,-2.821209695870031
-89200,-2.821513910013194
-89100,-2.821818124156357
-89000,-2.82212233829952
-88900,-2.8285960419931153
-88800,-2.83506974568671
-88700,-2.841543449380305
-88600,-2.8480171530739002
-88500,-2.8544908567674954
-88400,-2.86096456046109
-88300,-2.867438264154685
-88200,-2.8739119678482803
-88100,-2.880385671541875
-88000,-2.88685937523547
-87900,-2.883461618843496
-87800,-2.880063862451522
-87700,-2.876666106059548
-87600,-2.873268349667574
-87500,-2.8698705932756
-87400,-2.8664728368836263
-87300,-2.8630750804916523
-87200,-2.8596773240996782
-87100,-2.856279567707704
-87000,-2.85288181131573
-86900,-2.839196924978727
-86800,-2.8255120386417243
-86700,-2.811827152304721
-86600,-2.798142265967718
-86500,-2.784457379630715
-86400,-2.770772493293712
-86300,-2.757087606956709
-86200,-2.743402720619706
-86100,-2.729717834282703
-86000,-2.7160329479457
-85900,-2.700405707640529
-85800,-2.684778467335358
-85700,-2.669151227030187
-85600,-2.653523986725016
-85500,-2.637896746419845
-85400,-2.622269506114674
-85300,-2.606642265809503
-85200,-2.591015025504332
-85100,-2.5753877851991613
-85000,-2.55976054489399
-84900,-2.542543636260622
-84800,-2.525326727627254
-84700,-2.508109818993886
-84600,-2.490892910360518
-84500,-2.47367600172715
-84400,-2.456459093093782
-84300,-2.439242184460414
-84200,-2.422025275827046
-84100,-2.404808367193678
-84000,-2.38759145856031
-83900,-2.3833114110191613
-83800,-2.379031363478012
-83700,-2.374751315936863
-83600,-2.370471268395714
-83500,-2.366191220854565
-83400,-2.361911173313416
-83300,-2.357631125772267
-83200,-2.353351078231118
-83100,-2.3490710306899687
-83000,-2.34479098314882
-82900,-2.343940452843174
-82800,-2.3430899225375277
-82700,-2.342239392231882
-82600,-2.341388861926236
-82500,-2.34053833162059
-82400,-2.339687801314944
-82300,-2.338837271009298
-82200,-2.337986740703652
-82100,-2.337136210398006
-82000,-2.33628568009236
-81900,-2.333837608234947
-81800,-2.331389536377534
-81700,-2.328941464520121
-81600,-2.326493392662708
-81500,-2.324045320805295
-81400,-2.321597248947882
-81300,-2.319149177090469
-81200,-2.3167011052330557
-81100,-2.314253033375643
-81000,-2.31180496151823
-80900,-2.316648608904668
-80800,-2.321492256291106
-80700,-2.326335903677544
-80600,-2.331179551063982
-80500,-2.33602319845042
-80400,-2.340866845836858
-80300,-2.345710493223296
-80200,-2.3505541406097343
-80100,-2.3553977879961723
-80000,-2.36024143538261
-79900,-2.3716390263498783
-79800,-2.383036617317146
-79700,-2.394434208284414
-79600,-2.4058317992516822
-79500,-2.4172293902189503
-79400,-2.428626981186218
-79300,-2.440024572153486
-79200,-2.4514221631207542
-79100,-2.462819754088022
-79000,-2.47421734505529
-78900,-2.487298127286311
-78800,-2.500378909517332
-78700,-2.513459691748353
-78600,-2.526540473979374
-78500,-2.539621256210395
-78400,-2.552702038441416
-78300,-2.565782820672437
-78200,-2.578863602903458
-78100,-2.5919443851344792
-78000,-2.6050251673655
-77900,-2.623311467915264
-77800,-2.641597768465028
-77700,-2.659884069014792
-77600,-2.678170369564556
-77500,-2.69645667011432
-77400,-2.714742970664084
-77300,-2.733029271213848
-77200,-2.751315571763612
-77100,-2.769601872313376
-77000,-2.78788817286314
-76900,-2.8057688049458047
-76800,-2.82364943702847
-76700,-2.841530069111135
-76600,-2.8594107011938
-76500,-2.8772913332764647
-76400,-2.89517196535913
-76300,-2.913052597441795
-76200,-2.93093322952446
-76100,-2.9488138616071247
-76000,-2.96669449368979
-75900,-2.999779230193433
-75800,-3.032863966697076
-75700,-3.065948703200719
-75600,-3.099033439704362
-75500,-3.132118176208005
-75400,-3.165202912711648
-75300,-3.198287649215291
-75200,-3.231372385718934
-75100,-3.264457122222577
-75000,-3.29754185872622
-74900,-3.3373358338609034
-74800,-3.377129808995586
-74700,-3.416923784130269
-74600,-3.456717759264952
-74500,-3.4965117343996353
-74400,-3.536305709534318
-74300,-3.5760996846690007
-74200,-3.615893659803684
-74100,-3.655687634938367
-74000,-3.69548161007305
-73900,-3.726484650650832
-73800,-3.757487691228614
-73700,-3.788490731806396
-73600,-3.819493772384178
-73500,-3.85049681296196
-73400,-3.8814998535397423
-73300,-3.9125028941175244
-73200,-3.943505934695306
-73100,-3.974508975273088
-73000,-4.00551201585087
-72900,-4.035792501731395
-72800,-4.06607298761192
-72700,-4.096353473492445
-72600,-4.12663395937297
-72500,-4.156914445253495
-72400,-4.1871949311340195
-72300,-4.217475417014545
-72200,-4.2477559028950695
-72100,-4.278036388775595
-72000,-4.30831687465612
-71900,-4.338877565908618
-71800,-4.369438257161115
-71700,-4.3999989484136135
-71600,-4.430559639666112
-71500,-4.461120330918609
-71400,-4.491681022171107
-71300,-4.522241713423606
-71200,-4.552802404676104
-71100,-4.583363095928601
-71000,-4.6139237871811
-70900,-4.655727092639928
-70800,-4.697530398098758
-70700,-4.739333703557587
-70600,-4.781137009016416
-70500,-4.822940314475245
-70400,-4.864743619934074
-70300,-4.906546925392903
-70200,-4.948350230851732
-70100,-4.990153536310562
-70000,-5.03195684176939
-69900,-5.062379889068684
-69800,-5.0928029363679785
-69700,-5.123225983667272
-69600,-5.153649030966566
-69500,-5.18407207826586
-69400,-5.214495125565154
-69300,-5.244918172864448
-69200,-5.2753412201637415
-69100,-5.305764267463036
-69000,-5.33618731476233
-68900,-5.362057816191004
-68800,-5.387928317619678
-68700,-5.413798819048352
-68600,-5.439669320477026
-68500,-5.4655398219057005
-68400,-5.4914103233343745
-68300,-5.5172808247630485
-68200,-5.5431513261917225
-68100,-5.569021827620396
-68000,-5.59489232904907
-67900,-5.617637765153219
-67800,-5.640383201257368
-67700,-5.663128637361518
-67600,-5.6858740734656665
-67500,-5.708619509569815
-67400,-5.731364945673964
-67300,-5.754110381778113
-67200,-5.776855817882263
-67100,-5.7996012539864115
-67000,-5.82234669009056
-66900,-5.839035465514647
-66800,-5.855724240938734
-66700,-5.872413016362821
-66600,-5.889101791786908
-66500,-5.905790567210995
-66400,-5.922479342635082
-66300,-5.939168118059169
-66200,-5.955856893483256
-66100,-5.972545668907343
-66000,-5.98923444433143
-65900,-6.002199890086931
-65800,-6.015165335842432
-65700,-6.028130781597933
-65600,-6.041096227353434
-65500,-6.054061673108935
-65400,-6.067027118864436
-65300,-6.079992564619937
-65200,-6.092958010375439
-65100,-6.105923456130939
-65000,-6.11888890188644
-64900,-6.113193203123506
-64800,-6.107497504360572
-64700,-6.101801805597638
-64600,-6.096106106834704
-64500,-6.0904104080717705
-64400,-6.084714709308836
-64300,-6.079019010545902
-64200,-6.073323311782968
-64100,-6.067627613020034
-64000,-6.0619319142571
-63900,-6.057120980985539
-63800,-6.05231004771398
-63700,-6.04749911444242
-63600,-6.04268818117086
-63500,-6.037877247899299
-63400,-6.03306631462774
-63300,-6.02825538135618
-63200,-6.02344444808462
-63100,-6.018633514813059
-63000,-6.0138225815415
-62900,-6.00183450043815
-62800,-5.9898464193348
-62700,-5.977858338231449
-62600,-5.9658702571281
-62500,-5.9538821760247504
-62400,-5.9418940949214
-62300,-5.92990601381805
-62200,-5.9179179327147
-62100,-5.905929851611351
-62000,-5.893941770508
-61900,-5.884493021798457
-61800,-5.875044273088914
-61700,-5.865595524379371
-61600,-5.856146775669828
-61500,-5.846698026960285
-61400,-5.837249278250742
-61300,-5.827800529541199
-61200,-5.818351780831656
-61100,-5.808903032122113
-61000,-5.79945428341257
-60900,-5.784132584821408
-60800,-5.768810886230246
-60700,-5.753489187639084
-60600,-5.738167489047922
-60500,-5.72284579045676
-60400,-5.707524091865598
-60300,-5.692202393274436
-60200,-5.676880694683274
-60100,-5.661558996092112
-60000,-5.64623729750095
-59900,-5.6276150495004105
-59800,-5.60899280149987
-59700,-5.59037055349933
-59600,-5.57174830549879
-59500,-5.55312605749825
-59400,-5.53450380949771
-59300,-5.51588156149717
-59200,-5.49725931349663
-59100,-5.478637065496089
-59000,-5.46001481749555
-58900,-5.4353970785109125
-58800,-5.410779339526275
-58700,-5.386161600541639
-58600,-5.361543861557002
-58500,-5.336926122572365
-58400,-5.312308383587728
-58300,-5.2876906446030905
-58200,-5.263072905618454
-58100,-5.238455166633817
-58000,-5.21383742764918
-57900,-5.200352769614784
-57800,-5.186868111580388
-57700,-5.173383453545992
-57600,-5.159898795511596
-57500,-5.1464141374771994
-57400,-5.1329294794428035
-57300,-5.119444821408408
-57200,-5.105960163374012
-57100,-5.092475505339616
-57000,-5.07899084730522
-56900,-5.063384023943524
-56800,-5.0477772005818276
-56700,-5.032170377220132
-56600,-5.016563553858436
-56500,-5.00095673049674
-56400,-4.985349907135044
-56300,-4.969743083773348
-56200,-4.954136260411652
-56100,-4.938529437049956
-56000,-4.92292261368826
-55900,-4.918314858655364
-55800,-4.913707103622468
-55700,-4.909099348589572
-55600,-4.904491593556676
-55500,-4.89988383852378
-55400,-4.895276083490884
-55300,-4.890668328457989
-55200,-4.886060573425092
-55100,-4.881452818392196
-55000,-4.8768450633593
-54900,-4.869125570639587
-54800,-4.861406077919872
-54700,-4.853686585200158
-54600,-4.8459670924804445
-54500,-4.838247599760731
-54400,-4.830528107041016
-54300,-4.8228086143213025
-54200,-4.815089121601589
-54100,-4.807369628881874
-54000,-4.79965013616216
-53900,-4.799834332154599
-53800,-4.800018528147036
-53700,-4.800202724139474
-53600,-4.8003869201319125
-53500,-4.800571116124351
-53400,-4.800755312116788
-53300,-4.800939508109226
-53200,-4.801123704101665
-53100,-4.801307900094102
-53000,-4.80149209608654
-52900,-4.804181794943454
-52800,-4.806871493800368
-52700,-4.8095611926572825
-52600,-4.812250891514196
-52500,-4.81494059037111
-52400,-4.817630289228024
-52300,-4.820319988084938
-52200,-4.823009686941853
-52100,-4.8256993857987664
-52000,-4.82838908465568
-51900,-4.840163849072257
-51800,-4.8519386134888345
-51700,-4.863713377905412
-51600,-4.875488142321989
-51500,-4.887262906738565
-51400,-4.899037671155142
-51300,-4.910812435571719
-51200,-4.922587199988296
-51100,-4.934361964404873
-51000,-4.94613672882145
-50900,-4.962805798678039
-50800,-4.979474868534626
-50700,-4.9961439383912145
-50600,-5.012813008247802
-50500,-5.02948207810439
-50400,-5.046151147960979
-50300,-5.062820217817566
-50200,-5.079489287674154
-50100,-5.096158357530742
-50000,-5.11282742738733
-49900,-5.122235604486227
-49800,-5.131643781585124
-49700,-5.141051958684021
-49600,-5.150460135782918
-49500,-5.159868312881815
-49400,-5.169276489980712
-49300,-5.178684667079609
-49200,-5.188092844178506
-49100,-5.197501021277403
-49000,-5.2069091983763
-48900,-5.21660003548425
-48800,-5.2262908725922
-48700,-5.23598170970015
-48600,-5.2456725468081
-48500,-5.25536338391605
-48400,-5.265054221024
-48300,-5.27474505813195
-48200,-5.2844358952399
-48100,-5.29412673234785
-48000,-5.3038175694558
-47900,-5.303464827889569
-47800,-5.303112086323338
-47700,-5.302759344757107
-47600,-5.302406603190876
-47500,-5.302053861624645
-47400,-5.301701120058414
-47300,-5.301348378492183
-47200,-5.300995636925952
-47100,-5.300642895359721
-47000,-5.30029015379349
-46900,-5.2982051926081235
-46800,-5.296120231422757
-46700,-5.294035270237389
-46600,-5.291950309052022
-46500,-5.289865347866655
-46400,-5.2877803866812885
-46300,-5.285695425495922
-46200,-5.283610464310554
-46100,-5.281525503125187
-46000,-5.27944054193982
-45900,-5.286588062552183
-45800,-5.293735583164546
-45700,-5.3008831037769095
-45600,-5.308030624389272
-45500,-5.315178145001635
-45400,-5.322325665613998
-45300,-5.329473186226361
-45200,-5.336620706838724
-45100,-5.343768227451087
-45000,-5.35091574806345
-44900,-5.358910126594297
-44800,-5.366904505125144
-44700,-5.374898883655991
-44600,-5.382893262186838
-44500,-5.3908876407176844
-44400,-5.398882019248532
-44300,-5.406876397779379
-44200,-5.4148707763102255
-44100,-5.422865154841073
-44000,-5.43085953337192
-43900,-5.450493132140575
-43800,-5.47012673090923
-43700,-5.4897603296778845
-43600,-5.509393928446539
-43500,-5.529027527215195
-43400,-5.54866112598385
-43300,-5.568294724752505
-43200,-5.58792832352116
-43100,-5.607561922289815
-43000,-5.62719552105847
-42900,-5.637198296075836
-42800,-5.6472010710932015
-42700,-5.657203846110567
-42600,-5.667206621127933
-42500,-5.677209396145299
-42400,-5.687212171162666
-42300,-5.697214946180032
-42200,-5.707217721197398
-42100,-5.717220496214764
-42000,-5.72722327123213
-41900,-5.734942148392491
-41800,-5.742661025552854
-41700,-5.750379902713216
-41600,-5.758098779873578
-41500,-5.76581765703394
-41400,-5.773536534194302
-41300,-5.781255411354664
-41200,-5.788974288515026
-41100,-5.796693165675388
-41000,-5.80441204283575
-40900,-5.805105680786377
-40800,-5.805799318737004
-40700,-5.806492956687631
-40600,-5.807186594638258
-40500,-5.807880232588885
-40400,-5.808573870539512
-40300,-5.809267508490139
-40200,-5.809961146440766
-40100,-5.810654784391393
-40000,-5.81134842234202
-39900,-5.805304888829628
-39800,-5.799261355317236
-39700,-5.793217821804844
-39600,-5.7871742882924515
-39500,-5.78113075478006
-39400,-5.775087221267668
-39300,-5.769043687755276
-39200,-5.763000154242884
-39100,-5.756956620730492
-39000,-5.7509130872181
-38900,-5.747461968898993
-38800,-5.744010850579886
-38700,-5.740559732260779
-38600,-5.737108613941672
-38500,-5.733657495622565
-38400,-5.730206377303459
-38300,-5.726755258984351
-38200,-5.7233041406652445
-38100,-5.719853022346137
-38000,-5.71640190402703
-37900,-5.706883792058698
-37800,-5.697365680090367
-37700,-5.687847568122034
-37600,-5.678329456153702
-37500,-5.66881134418537
-37400,-5.659293232217038
-37300,-5.649775120248706
-37200,-5.640257008280374
-37100,-5.630738896312042
-37000,-5.62122078434371
-36900,-5.618206733892834
-36800,-5.615192683441958
-36700,-5.612178632991082
-36600,-5.609164582540206
-36500,-5.60615053208933
-36400,-5.603136481638454
-36300,-5.600122431187578
-36200,-5.597108380736702
-36100,-5.5940943302858255
-36000,-5.59108027983495
-35900,-5.590109057490463
-35800,-5.5891378351459755
-35700,-5.588166612801489
-35600,-5.587195390457001
-35500,-5.586224168112515
-35400,-5.585252945768028
-35300,-5.5842817234235405
-35200,-5.583310501079054
-35100,-5.582339278734566
-35000,-5.58136805639008
-34900,-5.579559583240485
-34800,-5.577751110090889
-34700,-5.575942636941295
-34600,-5.574134163791699
-34500,-5.572325690642105
-34400,-5.57051721749251
-34300,-5.568708744342914
-34200,-5.56690027119332
-34100,-5.565091798043724
-34000,-5.56328332489413
-33900,-5.564974235579435
-33800,-5.566665146264742
-33700,-5.568356056950048
-33600,-5.570046967635354
-33500,-5.5717378783206595
-33400,-5.573428789005966
-33300,-5.575119699691272
-33200,-5.576810610376578
-33100,-5.5785015210618845
-33000,-5.58019243174719
-32900,-5.58556182870386
-32800,-5.590931225660531
-32700,-5.5963006226172
-32600,-5.60167001957387
-32500,-5.60703941653054
-32400,-5.61240881348721
-32300,-5.6177782104438805
-32200,-5.62314760740055
-32100,-5.62851700435722
-32000,-5.63388640131389
-31900,-5.644530061516
-31800,-5.65517372171811
-31700,-5.66581738192022
-31600,-5.67646104212233
-31500,-5.68710470232444
-31400,-5.69774836252655
-31300,-5.70839202272866
-31200,-5.7190356829307705
-31100,-5.72967934313288
-31000,-5.74032300333499
-30900,-5.749489728885375
-30800,-5.75865645443576
-30700,-5.767823179986145
-30600,-5.776989905536531
-30500,-5.786156631086915
-30400,-5.7953233566373
-30300,-5.8044900821876855
-30200,-5.81365680773807
-30100,-5.822823533288456
-30000,-5.83199025883884
-29900,-5.840687896441193
-29800,-5.849385534043546
-29700,-5.858083171645899
-29600,-5.866780809248252
-29500,-5.875478446850606
-29400,-5.8841760844529585
-29300,-5.892873722055311
-29200,-5.901571359657664
-29100,-5.910268997260017
-29000,-5.91896663486237
-28900,-5.915966713258136
-28800,-5.912966791653902
-28700,-5.909966870049668
-28600,-5.906966948445434
-28500,-5.9039670268412
-28400,-5.900967105236966
-28300,-5.8979671836327325
-28200,-5.894967262028498
-28100,-5.891967340424264
-28000,-5.88896741882003
-27900,-5.893620239217056
-27800,-5.898273059614082
-27700,-5.902925880011108
-27600,-5.907578700408134
-27500,-5.91223152080516
-27400,-5.916884341202186
-27300,-5.921537161599212
-27200,-5.926189981996238
-27100,-5.930842802393264
-27000,-5.93549562279029
-26900,-5.938542824840426
-26800,-5.941590026890562
-26700,-5.944637228940698
-26600,-5.947684430990834
-26500,-5.95073163304097
-26400,-5.953778835091106
-26300,-5.9568260371412425
-26200,-5.959873239191378
-26100,-5.962920441241514
-26000,-5.96596764329165
-25900,-5.981757844671345
-25800,-5.99754804605104
-25700,-6.0133382474307355
-25600,-6.029128448810431
-25500,-6.044918650190125
-25400,-6.06070885156982
-25300,-6.076499052949515
-25200,-6.09228925432921
-25100,-6.108079455708905
-25000,-6.1238696570886
-24900,-6.13444298950674
-24800,-6.145016321924878
-24700,-6.155589654343017
-24600,-6.166162986761156
-24500,-6.1767363191792946
-24400,-6.187309651597434
-24300,-6.197882984015573
-24200,-6.208456316433712
-24100,-6.21902964885185
-24000,-6.22960298126999
-23900,-6.231634771750936
-23800,-6.233666562231882
-23700,-6.235698352712828
-23600,-6.237730143193774
-23500,-6.239761933674719
-23400,-6.241793724155666
-23300,-6.243825514636612
-23200,-6.245857305117558
-23100,-6.247889095598504
-23000,-6.24992088607945
-22900,-6.252669613362684
-22800,-6.255418340645918
-22700,-6.258167067929152
-22600,-6.260915795212386
-22500,-6.2636645224956204
-22400,-6.266413249778854
-22300,-6.269161977062088
-22200,-6.271910704345322
-22100,-6.274659431628556
-22000,-6.27740815891179
-21900,-6.275425409240091
-21800,-6.273442659568392
-21700,-6.271459909896693
-21600,-6.269477160224994
-21500,-6.2674944105532955
-21400,-6.265511660881596
-21300,-6.263528911209897
-21200,-6.261546161538198
-21100,-6.259563411866499
-21000,-6.2575806621948
-20900,-6.245843847845234
-20800,-6.234107033495668
-20700,-6.222370219146102
-20600,-6.210633404796536
-20500,-6.19889659044697
-20400,-6.1871597760974035
-20300,-6.175422961747838
-20200,-6.163686147398272
-20100,-6.151949333048706
-20000,-6.14021251869914
-19900,-6.119380740568286
-19800,-6.098548962437434
-19700,-6.0777171843065805
-19600,-6.056885406175728
-19500,-6.036053628044875
-19400,-6.015221849914021
-19300,-5.994390071783169
-19200,-5.9735582936523155
-19100,-5.952726515521463
-19000,-5.93189473739061
-18900,-5.906022289301131
-18800,-5.880149841211652
-18700,-5.854277393122173
-18600,-5.828404945032694
-18500,-5.802532496943215
-18400,-5.776660048853736
-18300,-5.750787600764257
-18200,-5.724915152674778
-18100,-5.699042704585299
-18000,-5.67317025649582
-17900,-5.63317974086888
-17800,-5.59318922524194
-17700,-5.553198709615
-17600,-5.51320819398806
-17500,-5.47321767836112
-17400,-5.43322716273418
-17300,-5.393236647107241
-17200,-5.3532461314803
-17100,-5.31325561585336
-17000,-5.27326510022642
-16900,-5.216375653202006
-16800,-5.15948620617759
-16700,-5.102596759153175
-16600,-5.04570731212876
-16500,-4.988817865104345
-16400,-4.93192841807993
-16300,-4.875038971055515
-16200,-4.8181495240311
-16100,-4.761260077006685
-16000,-4.70437062998227
-15900,-4.645646766022601
-15800,-4.586922902062932
-15700,-4.528199038103263
-15600,-4.469475174143594
-15500,-4.410751310183925
-15400,-4.352027446224256
-15300,-4.2933035822645875
-15200,-4.234579718304918
-15100,-4.175855854345249
-15000,-4.11713199038558
-14900,-4.049778155223002
-14800,-3.9824243200604243
-14700,-3.9150704848978464
-14600,-3.8477166497352684
-14500,-3.7803628145726904
-14400,-3.713008979410112
-14300,-3.645655144247534
-14200,-3.578301309084956
-14100,-3.510947473922378
-14000,-3.4435936387598
-13900,-3.3706495184947403
-13800,-3.29770539822968
-13700,-3.22476127796462
-13600,-3.1518171576995604
-13500,-3.0788730374345
-13400,-3.0059289171694403
-13300,-2.93298479690438
-13200,-2.8600406766393203
-13100,-2.78709655637426
-13000,-2.7141524361092
-12900,-2.643218292570331
-12800,-2.572284149031462
-12700,-2.501350005492593
-12600,-2.430415861953724
-12500,-2.3594817184148553
-12400,-2.2885475748759863
-12300,-2.217613431337117
-12200,-2.146679287798248
-12100,-2.075745144259379
-12000,-2.00481100072051
-11900,-1.9374881843056428
-11800,-1.8701653678907761
-11700,-1.802842551475909
-11600,-1.735519735061042
-11500,-1.6681969186461751
-11400,-1.600874102231308
-11300,-1.533551285816441
-11200,-1.4662284694015741
-11100,-1.398905652986707
-11000,-1.33158283657184
-10900,-1.272876537164607
-10800,-1.2141702377573735
-10700,-1.1554639383501404
-10600,-1.0967576389429072
-10500,-1.038051339535674
-10400,-0.9793450401284408
-10300,-0.9206387407212075
-10200,-0.8619324413139744
-10100,-0.8032261419067412
-10000,-0.744519842499508
-9900,-0.703973518974676
-9800,-0.663427195449844
-9700,-0.6228808719250121
-9600,-0.5823345484001801
-9500,-0.5417882248753481
-9400,-0.501241901350516
-9300,-0.46069557782568404
-9200,-0.42014925430085204
-9100,-0.37960293077602003
-9000,-0.339056607251188
-8900,-0.31133043652311077
-8800,-0.28360426579503345
-8700,-0.25587809506695613
-8600,-0.22815192433887882
-8500,-0.20042575361080148
-8400,-0.1726995828827242
-8300,-0.14497341215464687
-8200,-0.11724724142656953
-8100,-0.08952107069849222
-8000,-0.0617948999704149
-7900,-0.049717505348730096
-7800,-0.0376401107270453
-7700,-0.025562716105360497
-7600,-0.013485321483675691
-7500,-0.0014079268619908991
-7400,0.0106694677596939
-7300,0.022746862381378706
-7200,0.034824257003063505
-7100,0.046901651624748304
-7000,0.0589790462464331
-6900,0.0667139453952232
-6800,0.07444884454401329
-6700,0.08218374369280337
-6600,0.08991864284159345
-6500,0.09765354199038355
-6400,0.10538844113917364
-6300,0.11312334028796373
-6200,0.12085823943675382
-6100,0.12859313858554391
-6000,0.136328037734334
-5900,0.1356702755051907
-5800,0.1350125132760474
-5700,0.1343547510469041
-5600,0.1336969888177608
-5500,0.1330392265886175
-5400,0.1323814643594742
-5300,0.1317237021303309
-5200,0.1310659399011876
-5100,0.1304081776720443
-5000,0.129750415442901
-4900,0.12498218636897179
-4800,0.12021395729504258
-4700,0.11544572822111338
-4600,0.11067749914718417
-4500,0.10590927007325496
-4400,0.10114104099932573
-4300,0.09637281192539653
-4200,0.09160458285146732
-4100,0.08683635377753811
-4000,0.0820681247036089
-3900,0.07660406084796258
-3800,0.07113999699231627
-3700,0.06567593313666995
-3600,0.060211869281023615
-3500,0.0547478054253773
-3400,0.04928374156973098
-3300,0.043819677714084654
-3200,0.03835561385843834
-3100,0.03289155000279202
-3000,0.0274274861471457
-2900,0.01536049607317802
-2800,0.0032935059992103416
-2700,-0.008773484074757337
-2600,-0.020840474148725016
-2500,-0.0329074642226927
-2400,-0.04497445429666038
-2300,-0.05704144437062806
-2200,-0.06910843444459575
-2100,-0.08117542451856342
-2000,-0.0932424145925311
-1900,-0.1014098171335352
-1800,-0.10957721967453929
-1700,-0.11774462221554338
-1600,-0.12591202475654747
-1500,-0.13407942729755157
-1400,-0.14224682983855563
-1300,-0.15041423237955973
-1200,-0.15858163492056382
-1100,-0.1667490374615679
-1000,-0.174916440002572
-900,-0.1574247960023148
-800,-0.1399331520020576
-700,-0.1224415080018004
-600,-0.1049498640015432
-500,-0.087458220001286
-400,-0.0699665760010288
-300,-0.0524749320007716
-200,-0.0349832880005144
-100,-0.0174916440002572
0,0.0
