-250000	211.437113402062
-249900	211.952577319588
-249800	212.468041237113
-249700	212.983505154639
-249600	213.498969072165
-249500	214.014432989691
-249400	214.529896907216
-249300	214.824811732065
-249200	215.011097899326
-249100	215.197384066587
-249000	215.383670233849
-248900	215.569956401110
-248800	215.756242568371
-248700	215.942528735632
-248600	216.128814902893
-248500	216.315101070155
-248400	216.501387237416
-248300	216.687673404677
-248200	216.873959571938
-248100	217.060245739199
-248000	217.246531906461
-247900	217.432818073722
-247800	217.619104240983
-247700	217.805390408244
-247600	217.991676575505
-247500	218.177962742767
-247400	218.364248910028
-247300	218.550535077289
-247200	218.736821244550
-247100	218.923107411811
-247000	219.109393579073
-246900	219.295679746334
-246800	220.110719530103
-246700	221.725991189427
-246600	223.341262848752
-246500	224.956534508076
-246400	226.571806167401
-246300	228.187077826725
-246200	229.802349486050
-246100	231.023076923077
-246000	232.012087912088
-245900	233.001098901099
-245800	233.990109890110
-245700	234.979120879121
-245600	235.968131868132
-245500	237.311764705882
-245400	239.664705882353
-245300	242.017647058824
-245200	244.370588235294
-245100	246.723529411765
-245000	249.076470588235
-244900	250.290000000000
-244800	250.890000000000
-244700	251.490000000000
-244600	252.090000000000
-244500	254.185496183206
-244400	257.086259541985
-244300	259.987022900763
-244200	262.887786259542
-244100	265.402005730659
-244000	267.765902578797
-243900	270.129799426934
-243800	272.493696275072
-243700	274.857593123209
-243600	277.221489971347
-243500	279.585386819484
-243400	279.918987341772
-243300	279.539240506329
-243200	279.159493670886
-243100	277.324680073126
-243000	274.436197440585
-242900	271.547714808044
-242800	268.659232175503
-242700	265.770749542962
-242600	263.093939393939
-242500	262.129752066116
-242400	261.165564738292
-242300	260.201377410468
-242200	259.346153846154
-242100	258.608974358974
-242000	257.871794871795
-241900	257.134615384615
-241800	256.397435897436
-241700	255.660256410256
-241600	254.923076923077
-241500	254.185897435897
-241400	253.448717948718
-241300	252.675862068966
-241200	251.641379310345
-241100	250.606896551724
-241000	249.572413793103
-240900	248.537931034483
-240800	247.503448275862
-240700	247.101244813278
-240600	246.769294605809
-240500	246.437344398340
-240400	246.105394190871
-240300	245.796566523605
-240200	245.753648068670
-240100	245.710729613734
-240000	245.667811158798
-239900	245.624892703863
-239800	245.200877192982
-239700	244.250584795322
-239600	243.300292397661
-239500	242.350000000000
-239400	241.399707602339
-239300	240.449415204678
-239200	239.499122807018
-239100	239.510619469027
-239000	240.218584070796
-238900	240.926548672566
-238800	241.634513274336
-238700	242.342477876106
-238600	243.050442477876
-238500	243.795478260870
-238400	244.543304347826
-238300	245.291130434783
-238200	246.038956521739
-238100	246.786782608696
-238000	247.215068493151
-237900	246.187671232877
-237800	245.160273972603
-237700	244.132876712329
-237600	243.105479452055
-237500	242.078082191781
-237400	241.991544715447
-237300	243.731382113821
-237200	245.471219512195
-237100	247.211056910569
-237000	248.950894308943
-236900	250.690731707317
-236800	251.867553191489
-236700	250.644148936170
-236600	249.420744680851
-236500	248.197340425532
-236400	246.973936170213
-236300	245.750531914894
-236200	245.141798941799
-236100	245.035978835979
-236000	244.930158730159
-235900	244.824338624339
-235800	244.718518518519
-235700	244.612698412698
-235600	244.506878306878
-235500	244.401058201058
-235400	244.295238095238
-235300	244.189417989418
-235200	244.083597883598
-235100	243.977777777778
-235000	243.871957671958
-234900	243.766137566138
-234800	243.660317460317
-234700	243.554497354497
-234600	243.448677248677
-234500	243.342857142857
-234400	243.237037037037
-234300	243.131216931217
-234200	243.025396825397
-234100	242.919576719577
-234000	242.813756613757
-233900	242.707936507937
-233800	242.602116402116
-233700	242.496296296296
-233600	242.390476190476
-233500	242.284656084656
-233400	242.178835978836
-233300	242.073015873016
-233200	241.967195767196
-233100	241.861375661376
-233000	241.755555555556
-232900	241.649735449735
-232800	241.016165951359
-232700	239.914592274678
-232600	238.813018597997
-232500	237.711444921316
-232400	236.609871244635
-232300	235.508297567954
-232200	234.406723891273
-232100	233.812996777658
-232000	233.651879699248
-231900	233.490762620838
-231800	233.329645542428
-231700	233.168528464017
-231600	233.007411385607
-231500	232.846294307197
-231400	232.685177228786
-231300	232.524060150376
-231200	232.286081504702
-231100	231.790783699060
-231000	231.295485893417
-230900	230.800188087774
-230800	230.304890282132
-230700	229.809592476489
-230600	229.314294670846
-230500	228.818996865204
-230400	228.323699059561
-230300	227.828401253919
-230200	227.333103448276
-230100	226.837805642633
-230000	226.342507836991
-229900	225.847210031348
-229800	225.351912225705
-229700	224.856614420063
-229600	224.790470446321
-229500	225.827864897467
-229400	226.865259348613
-229300	227.902653799759
-229200	228.940048250905
-229100	229.977442702051
-229000	231.014837153197
-228900	232.052231604343
-228800	233.089626055489
-228700	233.522560975610
-228600	233.949390243902
-228500	234.376219512195
-228400	234.598201936376
-228300	234.736514522822
-228200	234.874827109267
-228100	235.013139695712
-228000	235.151452282158
-227900	235.289764868603
-227800	235.428077455048
-227700	234.132517985612
-227600	231.283597122302
-227500	228.434676258993
-227400	225.585755395683
-227300	222.736834532374
-227200	219.887913669065
-227100	217.038992805755
-227000	214.413894324853
-226900	211.987279843444
-226800	209.560665362035
-226700	207.134050880626
-226600	204.707436399217
-226500	203.343435251799
-226400	203.446852517986
-226300	203.550269784173
-226200	203.653687050360
-226100	203.757104316547
-226000	203.860521582734
-225900	203.963938848921
-225800	204.067356115108
-225700	204.170773381295
-225600	204.274190647482
-225500	204.377607913669
-225400	204.481025179856
-225300	204.584442446043
-225200	204.687859712230
-225100	204.791276978417
-225000	204.894694244604
-224900	204.998111510791
-224800	205.101528776978
-224700	205.204946043165
-224600	205.308363309353
-224500	205.411780575540
-224400	205.515197841727
-224300	205.640735502122
-224200	205.867043847242
-224100	206.093352192362
-224000	206.319660537482
-223900	206.545968882603
-223800	206.772277227723
-223700	206.998585572843
-223600	207.224893917963
-223500	207.451202263083
-223400	207.677510608204
-223300	207.903818953324
-223200	208.130127298444
-223100	208.356435643564
-223000	208.582743988685
-222900	208.790101892285
-222800	208.542649199418
-222700	208.295196506550
-222600	208.047743813683
-222500	207.800291120815
-222400	207.552838427948
-222300	207.305385735080
-222200	207.261222339305
-222100	208.209589041096
-222000	209.157955742887
-221900	210.106322444679
-221800	211.054689146470
-221700	212.003055848261
-221600	212.951422550053
-221500	213.899789251844
-221400	214.848155953635
-221300	215.796522655427
-221200	215.901749271137
-221100	215.610204081633
-221000	215.318658892128
-220900	215.027113702624
-220800	214.735568513120
-220700	214.444023323615
-220600	214.152478134111
-220500	215.133810888252
-220400	216.394555873926
-220300	217.655300859599
-220200	218.916045845272
-220100	220.176790830946
-220000	221.437535816619
-219900	222.698280802292
-219800	223.959025787966
-219700	225.219770773639
-219600	226.480515759312
-219500	227.741260744986
-219400	229.002005730659
-219300	230.262750716332
-219200	231.523495702006
-219100	232.784240687679
-219000	234.044985673352
-218900	235.305730659026
-218800	236.566475644699
-218700	237.827220630373
-218600	239.087965616046
-218500	240.348710601719
-218400	240.912500000000
-218300	241.381250000000
-218200	241.850000000000
-218100	242.318750000000
-218000	242.787500000000
-217900	243.256250000000
-217800	243.725000000000
-217700	244.193750000000
-217600	244.662500000000
-217500	245.131250000000
-217400	246.027843137255
-217300	247.165098039216
-217200	248.302352941176
-217100	249.439607843137
-217000	250.576862745098
-216900	251.207284768212
-216800	251.405960264901
-216700	251.604635761589
-216600	251.244050104384
-216500	250.367223382046
-216400	249.490396659708
-216300	248.613569937370
-216200	247.736743215031
-216100	246.633898305085
-216000	245.447457627119
-215900	244.261016949153
-215800	243.074576271186
-215700	242.114084507042
-215600	241.304225352113
-215500	240.494366197183
-215400	240.456848030019
-215300	240.663227016886
-215200	240.869606003752
-215100	241.075984990619
-215000	241.282363977486
-214900	241.875620767494
-214800	242.981715575621
-214700	244.087810383747
-214600	245.193905191874
-214500	246.300000000000
-214400	247.406094808126
-214300	248.512189616253
-214200	249.618284424379
-214100	250.724379232506
-214000	250.767930029155
-213900	250.009912536443
-213800	249.251895043732
-213700	248.493877551020
-213600	247.735860058309
-213500	246.977842565598
-213400	246.219825072886
-213300	245.461807580175
-213200	244.703790087464
-213100	243.945772594752
-213000	243.973938506589
-212900	246.023718887262
-212800	248.073499267936
-212700	250.123279648609
-212600	252.173060029283
-212500	254.222840409956
-212400	256.272620790630
-212300	254.583566433566
-212200	248.324825174825
-212100	242.066083916084
-212000	240.673655913979
-211900	242.662903225806
-211800	244.652150537634
-211700	246.641397849462
-211600	247.939110070258
-211500	249.133489461358
-211400	250.327868852459
-211300	251.522248243560
-211200	250.335260115607
-211100	247.560693641618
-211000	246.657277882798
-210900	246.033459357278
-210800	245.409640831758
-210700	244.785822306238
-210600	244.162003780718
-210500	244.125555555556
-210400	244.514444444444
-210300	244.218737270876
-210200	243.729938900204
-210100	243.241140529532
-210000	242.752342158859
-209900	242.263543788187
-209800	241.849526066351
-209700	241.446682464455
-209600	241.043838862559
-209500	240.640995260664
-209400	238.425531914894
-209300	235.234042553192
-209200	232.042553191489
-209100	230.410126582279
-209000	231.549367088608
-208900	232.688607594937
-208800	233.827848101266
-208700	234.967088607595
-208600	236.106329113924
-208500	237.218556701031
-208400	237.682474226804
-208300	237.988146911519
-208200	236.869616026711
-208100	235.751085141903
-208000	234.632554257095
-207900	233.514023372287
-207800	232.395492487479
-207700	231.344584382872
-207600	230.840806045340
-207500	230.337027707809
-207400	229.833249370277
-207300	229.291770573566
-207200	228.518703241895
-207100	227.745635910224
-207000	226.972568578554
-206900	226.349585406302
-206800	226.731011608624
-206700	227.112437810945
-206600	227.493864013267
-206500	227.875290215589
-206400	228.256716417910
-206300	228.667924528302
-206200	229.347169811321
-206100	230.026415094340
-206000	230.705660377358
-205900	231.384905660377
-205800	232.064150943396
-205700	232.151807228916
-205600	232.091566265060
-205500	232.031325301205
-205400	231.971084337349
-205300	231.910843373494
-205200	233.878764478764
-205100	236.291891891892
-205000	238.705019305019
-204900	241.118146718147
-204800	243.531274131274
-204700	244.544939844303
-204600	244.771408351026
-204500	244.997876857749
-204400	245.224345364473
-204300	245.450813871196
-204200	245.677282377919
-204100	245.903750884643
-204000	246.130219391366
-203900	246.356687898089
-203800	246.583156404812
-203700	246.809624911536
-203600	247.036093418259
-203500	247.262561924982
-203400	247.489030431706
-203300	247.242031379026
-203200	246.540132122213
-203100	245.838232865401
-203000	245.136333608588
-202900	244.434434351775
-202800	243.732535094963
-202700	243.030635838150
-202600	242.328736581338
-202500	241.626837324525
-202400	240.924938067713
-202300	240.223038810900
-202200	239.521139554088
-202100	239.608073196986
-202000	240.878256189451
-201900	242.148439181916
-201800	243.418622174381
-201700	244.688805166846
-201600	245.958988159311
-201500	247.229171151776
-201400	248.499354144241
-201300	249.769537136706
-201200	250.866800000000
-201100	250.564981818182
-201000	250.263163636364
-200900	249.961345454545
-200800	249.659527272727
-200700	249.357709090909
-200600	249.055890909091
-200500	248.754072727273
-200400	248.452254545455
-200300	248.150436363636
-200200	247.848618181818
-200100	247.546800000000
-200000	247.244981818182
-199900	246.943163636364
-199800	246.641345454545
-199700	246.339527272727
-199600	246.037709090909
-199500	245.735890909091
-199400	245.434072727273
-199300	245.132254545455
-199200	244.830436363636
-199100	244.528618181818
-199000	244.226800000000
-198900	243.924981818182
-198800	243.623163636364
-198700	243.321345454545
-198600	243.019527272727
-198500	242.717709090909
-198400	242.427125506073
-198300	242.143724696356
-198200	241.860323886640
-198100	241.576923076923
-198000	241.293522267206
-197900	239.574426229508
-197800	237.148196721311
-197700	234.721967213115
-197600	232.295737704918
-197500	229.869508196721
-197400	227.443278688525
-197300	226.154508748318
-197200	225.723822341857
-197100	225.293135935397
-197000	224.862449528937
-196900	224.431763122476
-196800	224.001076716016
-196700	223.570390309556
-196600	223.139703903096
-196500	222.709017496635
-196400	222.278331090175
-196300	221.847644683715
-196200	221.416958277254
-196100	220.986271870794
-196000	220.555585464334
-195900	220.124899057874
-195800	220.727917981073
-195700	221.753154574133
-195600	222.778391167192
-195500	223.803627760252
-195400	224.828864353312
-195300	225.854100946372
-195200	226.366511035654
-195100	226.005730050934
-195000	225.644949066214
-194900	225.284168081494
-194800	224.923387096774
-194700	224.562606112054
-194600	224.201825127334
-194500	223.841044142615
-194400	223.480263157895
-194300	223.119482173175
-194200	222.758701188455
-194100	222.397920203735
-194000	222.037139219015
-193900	221.676358234295
-193800	221.315577249576
-193700	220.954796264856
-193600	220.594015280136
-193500	220.233234295416
-193400	219.872453310696
-193300	219.511672325976
-193200	219.150891341256
-193100	218.790110356537
-193000	218.429329371817
-192900	218.068548387097
-192800	218.144195046440
-192700	218.322213622291
-192600	218.500232198142
-192500	218.678250773994
-192400	218.856269349845
-192300	219.034287925697
-192200	219.212306501548
-192100	219.390325077399
-192000	219.568343653251
-191900	219.746362229102
-191800	219.924380804954
-191700	220.102399380805
-191600	220.280417956656
-191500	221.670180305132
-191400	223.209708737864
-191300	224.749237170596
-191200	226.288765603329
-191100	227.828294036061
-191000	229.367822468793
-190900	230.907350901526
-190800	231.395032870709
-190700	231.387728268809
-190600	231.380423666910
-190500	231.373119065011
-190400	231.365814463112
-190300	231.358509861213
-190200	231.351205259313
-190100	231.343900657414
-190000	231.336596055515
-189900	231.329291453616
-189800	231.321986851717
-189700	231.314682249817
-189600	231.307377647918
-189500	231.300073046019
-189400	230.051897184823
-189300	228.791187270502
-189200	227.530477356181
-189100	226.269767441860
-189000	225.009057527540
-188900	223.748347613219
-188800	222.487637698898
-188700	221.226927784578
-188600	219.966217870257
-188500	218.705507955936
-188400	217.444798041616
-188300	216.184088127295
-188200	214.923378212974
-188100	213.662668298654
-188000	212.401958384333
-187900	211.141248470012
-187800	210.514576006252
-187700	210.229308323564
-187600	209.944040640875
-187500	209.658772958187
-187400	209.373505275498
-187300	209.088237592810
-187200	208.802969910121
-187100	208.517702227433
-187000	208.232434544744
-186900	207.947166862056
-186800	207.661899179367
-186700	207.376631496678
-186600	207.091363813990
-186500	206.806096131301
-186400	206.520828448613
-186300	206.235560765924
-186200	205.950293083236
-186100	205.665025400547
-186000	205.379757717859
-185900	205.094490035170
-185800	204.809222352481
-185700	204.523954669793
-185600	204.238686987104
-185500	203.953419304416
-185400	203.668151621727
-185300	203.387728026534
-185200	203.183195135434
-185100	202.978662244334
-185000	202.774129353234
-184900	202.569596462134
-184800	202.365063571034
-184700	202.160530679934
-184600	201.955997788834
-184500	201.751464897734
-184400	201.546932006633
-184300	201.342399115533
-184200	201.137866224433
-184100	200.933333333333
-184000	200.728800442233
-183900	200.524267551133
-183800	200.319734660033
-183700	200.115201768933
-183600	199.910668877833
-183500	199.706135986733
-183400	199.523234624146
-183300	199.341002277904
-183200	199.158769931663
-183100	198.976537585421
-183000	198.794305239180
-182900	198.612072892939
-182800	198.429840546697
-182700	198.247608200456
-182600	198.460852713178
-182500	200.360077519380
-182400	202.259302325581
-182300	204.158527131783
-182200	206.057751937984
-182100	207.956976744186
-182000	209.856201550388
-181900	211.755426356589
-181800	213.654651162791
-181700	215.553875968992
-181600	217.453100775194
-181500	217.279935622318
-181400	216.797103004292
-181300	216.314270386266
-181200	215.831437768240
-181100	215.348605150215
-181000	214.865772532189
-180900	214.382939914163
-180800	213.900107296137
-180700	213.417274678112
-180600	213.000855826201
-180500	212.638775510204
-180400	212.276695194207
-180300	211.914614878209
-180200	211.552534562212
-180100	211.190454246215
-180000	210.828373930217
-179900	210.466293614220
-179800	210.104213298223
-179700	209.742132982225
-179600	209.380052666228
-179500	209.017972350230
-179400	208.655892034233
-179300	208.293811718236
-179200	207.931731402238
-179100	207.386956521739
-179000	206.517391304348
-178900	205.647826086957
-178800	204.778260869565
-178700	203.908695652174
-178600	203.039130434783
-178500	202.169565217391
-178400	201.300000000000
-178300	200.430434782609
-178200	199.560869565217
-178100	198.691304347826
-178000	197.821739130435
-177900	196.952173913043
-177800	196.082608695652
-177700	195.213043478261
-177600	194.343478260870
-177500	193.473913043478
-177400	192.604347826087
-177300	191.734782608696
-177200	190.865217391304
-177100	190.074850299401
-177000	189.865269461078
-176900	189.655688622755
-176800	189.446107784431
-176700	189.474919957311
-176600	189.570971184632
-176500	189.667022411953
-176400	189.763073639274
-176300	189.859124866596
-176200	189.955176093917
-176100	190.051227321238
-176000	190.147278548559
-175900	190.243329775880
-175800	190.507364685004
-175700	191.013132209406
-175600	191.518899733807
-175500	192.024667258208
-175400	192.530434782609
-175300	193.036202307010
-175200	193.541969831411
-175100	194.047737355812
-175000	194.553504880213
-174900	195.059272404614
-174800	195.565039929015
-174700	196.010573078632
-174600	196.086095068858
-174500	196.161617059085
-174400	196.237139049311
-174300	196.312661039538
-174200	196.388183029765
-174100	196.463705019991
-174000	196.539227010218
-173900	196.614749000444
-173800	196.690270990671
-173700	196.765792980897
-173600	196.841314971124
-173500	196.916836961351
-173400	196.992358951577
-173300	197.067880941804
-173200	197.143402932030
-173100	197.218924922257
-173000	197.294446912483
-172900	197.369968902710
-172800	197.445490892936
-172700	197.521012883163
-172600	197.596534873390
-172500	197.672056863616
-172400	197.702410099464
-172300	197.706235654170
-172200	197.710061208875
-172100	197.713886763581
-172000	197.717712318286
-171900	197.721537872992
-171800	197.725363427697
-171700	197.729188982402
-171600	197.733014537108
-171500	197.736840091813
-171400	197.740665646519
-171300	197.744491201224
-171200	197.748316755930
-171100	197.752142310635
-171000	197.755967865341
-170900	197.759793420046
-170800	197.763618974751
-170700	197.767444529457
-170600	197.771270084162
-170500	197.775095638868
-170400	197.778921193573
-170300	197.782746748279
-170200	197.786572302984
-170100	197.790397857689
-170000	197.794223412395
-169900	197.798048967100
-169800	197.780294906166
-169700	197.740080428954
-169600	197.699865951743
-169500	197.659651474531
-169400	197.619436997319
-169300	197.579222520107
-169200	197.539008042895
-169100	197.498793565684
-169000	197.458579088472
-168900	197.418364611260
-168800	197.378150134048
-168700	197.337935656836
-168600	197.297721179625
-168500	197.257506702413
-168400	197.217292225201
-168300	197.177077747989
-168200	197.136863270778
-168100	197.096648793566
-168000	197.056434316354
-167900	197.016219839142
-167800	196.976005361930
-167700	196.935790884719
-167600	196.895576407507
-167500	196.855361930295
-167400	196.815147453083
-167300	196.774932975871
-167200	196.734718498660
-167100	196.694504021448
-167000	196.654289544236
-166900	196.614075067024
-166800	195.775421209118
-166700	194.506838453915
-166600	193.238255698712
-166500	191.969672943508
-166400	190.701090188305
-166300	189.432507433102
-166200	188.163924677899
-166100	186.895341922696
-166000	185.626759167493
-165900	184.358176412289
-165800	183.979051819184
-165700	184.298787210584
-165600	184.618522601985
-165500	184.938257993385
-165400	185.257993384785
-165300	185.577728776185
-165200	185.897464167585
-165100	186.217199558986
-165000	186.536934950386
-164900	186.892378752887
-164800	187.284988452656
-164700	187.677598152425
-164600	188.070207852194
-164500	188.462817551963
-164400	188.855427251732
-164300	189.248036951501
-164200	189.640646651270
-164100	190.033256351039
-164000	190.408168316832
-163900	190.779455445545
-163800	191.150742574257
-163700	191.522029702970
-163600	191.821326472270
-163500	192.101486563751
-163400	192.381646655232
-163300	192.661806746712
-163200	192.941966838193
-163100	193.222126929674
-163000	193.502287021155
-162900	193.782447112636
-162800	194.062607204117
-162700	194.342767295597
-162600	194.622927387078
-162500	194.903087478559
-162400	195.183247570040
-162300	195.463407661521
-162200	195.743567753002
-162100	196.023727844483
-162000	196.303887935963
-161900	196.989539748954
-161800	198.621338912134
-161700	200.253138075314
-161600	201.884937238494
-161500	203.516736401674
-161400	204.060788608981
-161300	203.600766703176
-161200	203.140744797371
-161100	202.680722891566
-161000	202.220700985761
-160900	201.760679079956
-160800	201.300657174151
-160700	200.840635268346
-160600	200.380613362541
-160500	199.920591456736
-160400	199.460569550931
-160300	199.000547645126
-160200	198.540525739321
-160100	198.080503833516
-160000	197.620481927711
-159900	197.160460021906
-159800	196.700438116101
-159700	196.240416210296
-159600	195.780394304491
-159500	195.320372398686
-159400	194.860350492881
-159300	194.400328587076
-159200	193.940306681271
-159100	193.480284775466
-159000	193.020262869660
-158900	192.560240963855
-158800	192.100219058050
-158700	191.640197152245
-158600	191.180175246440
-158500	190.720153340635
-158400	190.260131434830
-158300	189.800109529025
-158200	189.340087623220
-158100	188.880065717415
-158000	188.420043811610
-157900	187.960021905805
-157800	187.500000000000
-157700	187.064270152505
-157600	186.628540305011
-157500	186.192810457516
-157400	185.757080610022
-157300	185.629864253394
-157200	185.946606334842
-157100	186.263348416290
-157000	186.580090497738
-156900	186.896832579186
-156800	187.213574660633
-156700	187.530316742081
-156600	187.847058823529
-156500	188.163800904977
-156400	188.480542986425
-156300	188.797285067873
-156200	189.122355698799
-156100	189.462232639906
-156000	189.802109581014
-155900	190.141986522121
-155800	190.481863463229
-155700	190.821740404336
-155600	191.161617345444
-155500	191.501494286551
-155400	191.841371227659
-155300	192.181248168766
-155200	192.521125109874
-155100	192.861002050982
-155000	193.200878992089
-154900	193.540755933197
-154800	193.880632874304
-154700	194.220509815412
-154600	194.560386756519
-154500	194.900263697627
-154400	195.240140638734
-154300	195.580017579842
-154200	195.919894520949
-154100	196.259771462057
-154000	196.599648403164
-153900	196.939525344272
-153800	197.279402285379
-153700	197.619279226487
-153600	197.959156167594
-153500	198.299033108702
-153400	198.638910049810
-153300	198.978786990917
-153200	199.318663932025
-153100	199.658540873132
-153000	199.998417814240
-152900	200.338294755347
-152800	200.427831094050
-152700	199.679270633397
-152600	198.930710172745
-152500	198.182149712092
-152400	197.433589251440
-152300	196.685028790787
-152200	195.936468330134
-152100	195.187907869482
-152000	194.439347408829
-151900	193.690786948177
-151800	192.942226487524
-151700	192.193666026871
-151600	191.445105566219
-151500	190.696545105566
-151400	189.947984644914
-151300	189.199424184261
-151200	190.551376146789
-151100	192.523458149780
-151000	193.745925110132
-150900	194.968392070485
-150800	196.190859030837
-150700	197.413325991189
-150600	198.635792951542
-150500	199.858259911894
-150400	201.080726872247
-150300	202.303193832599
-150200	202.927780837004
-150100	202.759829295154
-150000	202.591877753304
-149900	202.423926211454
-149800	202.255974669604
-149700	202.088023127753
-149600	201.920071585903
-149500	201.752120044053
-149400	201.584168502203
-149300	201.416216960352
-149200	201.248265418502
-149100	201.080313876652
-149000	200.912362334802
-148900	200.744410792952
-148800	200.576459251101
-148700	200.408507709251
-148600	200.240556167401
-148500	200.072604625551
-148400	199.904653083700
-148300	199.736701541850
-148200	199.568750000000
-148100	199.400798458150
-148000	199.232846916300
-147900	199.064895374449
-147800	198.896943832599
-147700	198.728992290749
-147600	198.561040748899
-147500	198.393089207048
-147400	198.225137665198
-147300	198.057186123348
-147200	197.889234581498
-147100	197.721283039648
-147000	197.553331497797
-146900	197.385379955947
-146800	197.217428414097
-146700	197.049476872247
-146600	196.881039512066
-146500	196.708671439936
-146400	196.536303367807
-146300	196.363935295678
-146200	196.191567223548
-146100	196.019199151419
-146000	195.846831079289
-145900	195.674463007160
-145800	195.502094935031
-145700	195.329726862901
-145600	195.157358790772
-145500	194.984990718642
-145400	194.812622646513
-145300	194.640254574383
-145200	194.467886502254
-145100	194.295518430125
-145000	194.123150357995
-144900	193.950782285866
-144800	193.778414213736
-144700	193.606046141607
-144600	193.433678069478
-144500	193.261309997348
-144400	193.088941925219
-144300	192.916573853089
-144200	192.744205780960
-144100	192.571837708831
-144000	192.399469636701
-143900	192.227101564572
-143800	192.054733492442
-143700	191.882365420313
-143600	191.709997348184
-143500	191.537629276054
-143400	191.365261203925
-143300	191.192893131795
-143200	191.020525059666
-143100	190.848156987536
-143000	190.675788915407
-142900	190.503420843278
-142800	190.589423835833
-142700	191.062983425414
-142600	191.536543014996
-142500	192.010102604578
-142400	192.483662194159
-142300	192.957221783741
-142200	193.430781373323
-142100	193.904340962905
-142000	194.377900552486
-141900	194.851460142068
-141800	195.325019731650
-141700	195.798579321231
-141600	196.272138910813
-141500	195.608102025506
-141400	195.675618904726
-141300	195.743135783946
-141200	195.810652663166
-141100	195.878169542386
-141000	195.945686421605
-140900	196.013203300825
-140800	196.080720180045
-140700	196.148237059265
-140600	196.215753938485
-140500	196.283270817704
-140400	196.350787696924
-140300	196.418304576144
-140200	196.485821455364
-140100	195.751015801354
-140000	194.802934537246
-139900	193.854853273138
-139800	192.906772009029
-139700	192.237313432836
-139600	192.063184079602
-139500	191.889054726368
-139400	191.714925373134
-139300	191.540796019900
-139200	191.366666666667
-139100	191.192537313433
-139000	191.018407960199
-138900	190.844278606965
-138800	190.670149253731
-138700	190.496019900498
-138600	190.321890547264
-138500	190.733333333333
-138400	192.511111111111
-138300	194.190123456790
-138200	193.992592592593
-138100	193.795061728395
-138000	193.597530864198
-137900	193.400000000000
-137800	193.664705882353
-137700	193.929411764706
-137600	194.194117647059
-137500	194.942519685039
-137400	196.013385826772
-137300	197.084251968504
-137200	198.155118110236
-137100	199.225984251969
-137000	200.296850393701
-136900	199.775000000000
-136800	196.218781725888
-136700	197.893908629442
-136600	199.569035532995
-136500	201.244162436548
-136400	202.227777777778
-136300	201.672222222222
-136200	201.116666666667
-136100	200.908333333333
-136000	201.638127090301
-135900	200.400668896321
-135800	199.163210702341
-135700	198
-135600	198
-135500	198
-135400	198
-135300	198
-135200	201.020168067227
-135100	204.465546218487
-135000	204.386043165468
-134900	204.270935251799
-134800	204.155827338129
-134700	204.040719424460
-134600	203.925611510791
-134500	203.810503597122
-134400	203.804522613065
-134300	206.417587939698
-134200	208.912686567164
-134100	209.166417910448
-134000	209.420149253731
-133900	209.673880597015
-133800	209.927611940299
-133700	210.181343283582
-133600	210.435074626866
-133500	211.691639871383
-133400	214.810610932476
-133300	217.929581993569
-133200	222.573684210526
-133100	223.839649122807
-133000	223.769473684211
-132900	223.699298245614
-132800	223.629122807018
-132700	223.558947368421
-132600	223.608953341740
-132500	224.289911727617
-132400	224.970870113493
-132300	225.651828499370
-132200	226.332786885246
-132100	227.013745271122
-132000	227.694703656999
-131900	228.375662042875
-131800	229.708868501529
-131700	233.225688073395
-131600	236.742507645260
-131500	240.259327217125
-131400	243.324503311258
-131300	245.400000000000
-131200	246.288888888889
-131100	247.177777777778
-131000	248.066666666667
-130900	248.955555555556
-130800	249.844444444444
-130700	250.733333333333
-130600	251.622222222222
-130500	252.511111111111
-130400	253.400000000000
-130300	254.288888888889
-130200	255.177777777778
-130100	256.066666666667
-130000	256.955555555556
-129900	257.844444444444
-129800	258.733333333333
-129700	258.072289156627
-129600	259.159210526316
-129500	260.606578947368
-129400	262.053947368421
-129300	263.428823529412
-129200	263.840588235294
-129100	266.286900958467
-129000	272.197444089457
-128900	278.107987220447
-128800	282.957446808511
-128700	284.446808510638
-128600	285.936170212766
-128500	286.844522968198
-128400	286.950530035336
-128300	287.056537102474
-128200	274.127853881279
-128100	274.493150684932
-128000	274.858447488585
-127900	275.223744292238
-127800	275.589041095891
-127700	275.492222222222
-127600	275.381111111111
-127500	274.677676950998
-127400	272.372776769510
-127300	270.067876588022
-127200	267.762976406534
-127100	265.458076225045
-127000	263.153176043557
-126900	262.562561576355
-126800	262.513300492611
-126700	263.520668693009
-126600	264.918844984803
-126500	266.317021276596
-126400	268.068000000000
-126300	270.268000000000
-126200	272.468000000000
-126100	273.844961240310
-126000	274.174418604651
-125900	274.503875968992
-125800	274.833333333333
-125700	275.162790697674
-125600	275.492248062016
-125500	275.821705426357
-125400	276.151162790698
-125300	276.480620155039
-125200	276.810077519380
-125100	276.857635467980
-125000	274.837931034483
-124900	273.291304347826
-124800	276.528019323672
-124700	279.608843537415
-124600	275.051020408163
-124500	270.493197278912
-124400	266.304403669725
-124300	266.359449541284
-124200	266.414495412844
-124100	266.469541284404
-124000	266.524587155963
-123900	266.579633027523
-123800	268.920381613183
-123700	269.588204683435
-123600	270.256027753686
-123500	270.923850823938
-123400	271.591673894189
-123300	272.259496964441
-123200	272.927320034692
-123100	273.595143104944
-123000	274.262966175195
-122900	274.930789245447
-122800	275.598612315698
-122700	276.266435385950
-122600	275.976875768758
-122500	275.447970479705
-122400	274.919065190652
-122300	274.390159901599
-122200	273.861254612546
-122100	273.332349323493
-122000	272.803444034440
-121900	272.274538745388
-121800	272.366257225434
-121700	272.763656069364
-121600	273.161054913295
-121500	273.558453757225
-121400	273.955852601156
-121300	274.353251445087
-121200	274.750650289017
-121100	275.148049132948
-121000	275.545447976879
-120900	275.942846820809
-120800	276.340245664740
-120700	276.737644508671
-120600	277.135043352601
-120500	277.532442196532
-120400	275.890365448505
-120300	273.830564784053
-120200	271.770764119601
-120100	269.710963455150
-120000	267.651162790698
-119900	265.591362126246
-119800	265.891337579618
-119700	266.744840764331
-119600	267.598343949045
-119500	268.451847133758
-119400	269.305350318471
-119300	270.158853503185
-119200	271.012356687898
-119100	271.865859872611
-119000	272.065200764818
-118900	272.237284894837
-118800	272.409369024857
-118700	272.581453154876
-118600	272.753537284895
-118500	272.925621414914
-118400	273.097705544933
-118300	273.269789674952
-118200	273.441873804971
-118100	273.613957934990
-118000	273.370270270270
-117900	272.710810810811
-117800	272.051351351351
-117700	271.391891891892
-117600	270.732432432432
-117500	270.072972972973
-117400	269.413513513514
-117300	268.754054054054
-117200	268.094594594595
-117100	267.500623538581
-117000	267.103117692907
-116900	266.705611847233
-116800	266.308106001559
-116700	265.910600155885
-116600	265.513094310211
-116500	265.115588464536
-116400	264.718082618862
-116300	264.320576773188
-116200	263.923070927514
-116100	263.525565081839
-116000	263.128059236165
-115900	262.730553390491
-115800	262.817597173145
-115700	263.573780918728
-115600	264.329964664311
-115500	265.086148409894
-115400	265.842332155477
-115300	266.598515901060
-115200	267.354699646643
-115100	268.110883392226
-115000	268.867067137809
-114900	269.623250883392
-114800	270.379434628975
-114700	271.135618374558
-114600	271.891802120141
-114500	272.647985865724
-114400	273.263471971067
-114300	273.498553345389
-114200	273.733634719711
-114100	273.968716094033
-114000	274.203797468354
-113900	274.438878842676
-113800	272.584189723320
-113700	269.995256916996
-113600	267.406324110672
-113500	264.817391304348
-113400	262.228458498024
-113300	261.819647355164
-113200	262.436775818640
-113100	263.053904282116
-113000	263.671032745592
-112900	264.288161209068
-112800	264.905289672544
-112700	265.522418136020
-112600	266.139546599496
-112500	265.826084056037
-112400	265.185657104737
-112300	264.545230153436
-112200	263.904803202135
-112100	263.264376250834
-112000	262.623949299533
-111900	261.983522348232
-111800	261.343095396931
-111700	260.702668445630
-111600	260.062241494330
-111500	259.421814543029
-111400	258.781387591728
-111300	258.140960640427
-111200	257.500533689126
-111100	256.860106737825
-111000	256.510170271514
-110900	256.257063966866
-110800	256.003957662218
-110700	255.750851357570
-110600	255.497745052922
-110500	255.244638748274
-110400	254.991532443626
-110300	254.738426138978
-110200	254.485319834330
-110100	254.232213529682
-110000	253.979107225035
-109900	253.726000920387
-109800	253.472894615739
-109700	253.219788311091
-109600	252.966682006443
-109500	252.713575701795
-109400	252.460469397147
-109300	252.207363092499
-109200	251.954256787851
-109100	251.701150483203
-109000	251.448044178555
-108900	251.193248945148
-108800	250.855696202532
-108700	250.518143459916
-108600	250.180590717300
-108500	249.843037974684
-108400	249.505485232067
-108300	249.167932489451
-108200	248.830379746835
-108100	248.492827004219
-108000	248.155274261603
-107900	247.817721518987
-107800	247.480168776371
-107700	247.142616033755
-107600	246.805063291139
-107500	246.467510548523
-107400	246.129957805907
-107300	245.792405063291
-107200	244.927272727273
-107100	243.362790697674
-107000	241.798308668076
-106900	240.233826638478
-106800	238.669344608879
-106700	237.868329177057
-106600	237.394513715711
-106500	236.920698254364
-106400	236.446882793017
-106300	235.973067331671
-106200	235.499251870324
-106100	235.025436408978
-106000	234.551620947631
-105900	234.077805486284
-105800	233.603990024938
-105700	233.130174563591
-105600	232.656359102244
-105500	232.182543640898
-105400	231.708728179551
-105300	231.234912718204
-105200	230.761097256858
-105100	231.078481012658
-105000	231.803452243959
-104900	232.528423475259
-104800	233.253394706559
-104700	233.978365937860
-104600	234.703337169160
-104500	235.428308400460
-104400	236.153279631761
-104300	236.878250863061
-104200	236.243889315911
-104100	235.567486548809
-104000	234.891083781706
-103900	234.214681014604
-103800	233.538278247502
-103700	232.861875480400
-103600	232.185472713297
-103500	231.509069946195
-103400	230.832667179093
-103300	230.156264411991
-103200	229.479861644889
-103100	228.803458877786
-103000	228.127056110684
-102900	228.617647058824
-102800	229.156862745098
-102700	229.696078431373
-102600	230.235294117647
-102500	230.774509803922
-102400	231.313725490196
-102300	231.852941176471
-102200	232.392156862745
-102100	232.931372549020
-102000	233.470588235294
-101900	234.009803921569
-101800	234.549019607843
-101700	235.088235294118
-101600	235.627450980392
-101500	236.166666666667
-101400	236.705882352941
-101300	236.314692653673
-101200	235.400149925037
-101100	234.485607196402
-101000	233.571064467766
-100900	232.656521739130
-100800	231.741979010495
-100700	230.827436281859
-100600	230.111372994463
-100500	229.401448246486
-100400	228.691523498509
-100300	227.981598750532
-100200	227.271674002556
-100100	226.561749254579
-100000	225.851824506602
-99900	225.914771252272
-99800	226.038580585898
-99700	226.162389919524
-99600	226.286199253150
-99500	226.410008586776
-99400	226.533817920403
-99300	226.657627254029
-99200	226.781436587655
-99100	226.905245921281
-99000	227.029055254907
-98900	227.152864588534
-98800	227.276673922160
-98700	227.400483255786
-98600	227.524292589412
-98500	227.648101923039
-98400	227.771911256665
-98300	227.895720590291
-98200	228.019529923917
-98100	228.143339257543
-98000	228.267148591170
-97900	228.390957924796
-97800	228.514767258422
-97700	228.638576592048
-97600	228.762385925675
-97500	228.886195259301
-97400	229.010004592927
-97300	229.133813926553
-97200	229.257623260179
-97100	229.381432593806
-97000	229.505241927432
-96900	229.629051261058
-96800	229.752860594684
-96700	229.876669928310
-96600	230.000479261937
-96500	230.124288595563
-96400	230.248097929189
-96300	230.371907262815
-96200	230.495716596441
-96100	230.619525930068
-96000	230.743335263694
-95900	230.867144597320
-95800	230.990953930946
-95700	231.114763264573
-95600	231.238572598199
-95500	231.362381931825
-95400	231.486191265451
-95300	231.610000599077
-95200	231.733809932704
-95100	231.857619266330
-95000	231.981428599956
-94900	231.882019732153
-94800	231.743219417039
-94700	231.604419101924
-94600	231.465618786810
-94500	231.326818471696
-94400	231.188018156582
-94300	231.049217841468
-94200	230.910417526353
-94100	230.771617211239
-94000	230.632816896125
-93900	230.494016581011
-93800	230.355216265896
-93700	230.216415950782
-93600	230.077615635668
-93500	229.938815320554
-93400	229.800015005440
-93300	229.661214690325
-93200	229.522414375211
-93100	229.383614060097
-93000	229.244813744983
-92900	229.106013429868
-92800	228.967213114754
-92700	228.828412799640
-92600	228.689612484526
-92500	228.550812169411
-92400	228.412011854297
-92300	228.220520289273
-92200	227.808708316593
-92100	227.396896343913
-92000	226.985084371233
-91900	226.573272398554
-91800	226.161460425874
-91700	225.749648453194
-91600	225.337836480514
-91500	224.926024507834
-91400	224.514212535155
-91300	224.040064983754
-91200	223.365233691577
-91100	222.690402399400
-91000	222.015571107223
-90900	221.340739815046
-90800	220.665908522869
-90700	219.991077230692
-90600	219.316245938515
-90500	218.641414646338
-90400	217.966583354161
-90300	217.291752061985
-90200	216.616920769808
-90100	215.942089477631
-90000	215.267258185454
-89900	214.592426893277
-89800	213.917595601100
-89700	213.242764308923
-89600	212.567933016746
-89500	211.893101724569
-89400	211.218270432392
-89300	210.543439140215
-89200	209.868607848038
-89100	209.193776555861
-89000	208.518945263684
-88900	208.109565217391
-88800	208.583873517787
-88700	209.058181818182
-88600	209.532490118577
-88500	210.006798418972
-88400	210.481106719368
-88300	210.955415019763
-88200	211.429723320158
-88100	211.904031620553
-88000	212.378339920949
-87900	212.852648221344
-87800	213.326956521739
-87700	213.801264822134
-87600	214.275573122530
-87500	214.749881422925
-87400	215.224189723320
-87300	215.698498023715
-87200	216.172806324111
-87100	216.647114624506
-87000	216.939724184326
-86900	216.704271779347
-86800	216.468819374369
-86700	216.233366969391
-86600	215.997914564413
-86500	215.762462159435
-86400	215.527009754457
-86300	215.291557349479
-86200	215.056104944501
-86100	214.820652539522
-86000	214.585200134544
-85900	214.349747729566
-85800	214.689256842310
-85700	216.033369046459
-85600	217.377481250609
-85500	218.721593454758
-85400	220.065705658907
-85300	221.409817863056
-85200	222.753930067206
-85100	224.098042271355
-85000	225.442154475504
-84900	226.786266679653
-84800	228.128416075650
-84700	229.452293144208
-84600	230.776170212766
-84500	232.100047281324
-84400	233.423924349882
-84300	234.747801418440
-84200	236.071678486998
-84100	236.839274173502
-84000	237.423415361670
-83900	238.007556549838
-83800	238.591697738006
-83700	239.175838926175
-83600	239.759980114343
-83500	240.344121302511
-83400	240.928262490679
-83300	240.625768850840
-83200	239.954053342114
-83100	239.282337833388
-83000	238.610622324662
-82900	237.938906815937
-82800	237.267191307211
-82700	236.595475798485
-82600	235.923760289760
-82500	235.252044781034
-82400	234.580329272308
-82300	233.908613763582
-82200	233.236898254857
-82100	232.565182746131
-82000	231.893467237405
-81900	231.221751728680
-81800	230.672823356557
-81700	230.236783733826
-81600	229.800744111095
-81500	229.364704488364
-81400	228.928664865633
-81300	228.492625242903
-81200	228.056585620172
-81100	227.620545997441
-81000	227.184506374710
-80900	226.748466751979
-80800	226.312427129248
-80700	225.876387506517
-80600	225.440347883786
-80500	225.004308261055
-80400	224.568268638324
-80300	224.132229015593
-80200	223.696189392862
-80100	223.260149770131
-80000	222.824110147400
-79900	222.388070524669
-79800	221.952030901938
-79700	221.500205846027
-79600	221.026759983532
-79500	220.553314121037
-79400	220.079868258543
-79300	219.606422396048
-79200	219.132976533553
-79100	218.659530671058
-79000	218.186084808563
-78900	217.712638946068
-78800	217.239193083573
-78700	217.304662398840
-78600	217.594552482184
-78500	217.884442565527
-78400	218.174332648871
-78300	218.464222732214
-78200	218.754112815557
-78100	219.044002898901
-78000	219.333892982244
-77900	219.623783065588
-77800	219.913673148931
-77700	220.203563232274
-77600	220.493453315618
-77500	220.783343398961
-77400	221.073233482305
-77300	221.363123565648
-77200	221.653013648991
-77100	221.942903732335
-77000	222.232793815678
-76900	222.522683899022
-76800	222.812573982365
-76700	223.102464065708
-76600	223.392354149052
-76500	223.682244232395
-76400	223.972134315739
-76300	224.262024399082
-76200	224.551914482425
-76100	224.841804565769
-76000	225.131694649112
-75900	225.421584732456
-75800	225.711474815799
-75700	226.001364899142
-75600	226.291254982486
-75500	226.581145065829
-75400	226.871035149173
-75300	227.160925232516
-75200	227.450815315859
-75100	227.740705399203
-75000	228.030595482546
-74900	228.320485565890
-74800	228.610375649233
-74700	228.900265732576
-74600	229.073629169022
-74500	228.988835500283
-74400	228.904041831543
-74300	228.819248162804
-74200	228.734454494064
-74100	228.649660825325
-74000	228.564867156586
-73900	228.480073487846
-73800	228.395279819107
-73700	228.310486150367
-73600	228.225692481628
-73500	228.140898812889
-73400	228.056105144149
-73300	227.971311475410
-73200	227.886517806670
-73100	227.801724137931
-73000	227.716930469192
-72900	227.632136800452
-72800	227.547343131713
-72700	227.462549462973
-72600	227.377755794234
-72500	227.242459774050
-72400	226.549204039712
-72300	225.855948305375
-72200	225.162692571037
-72100	224.469436836700
-72000	223.776181102362
-71900	223.082925368025
-71800	222.389669633687
-71700	221.696413899350
-71600	221.003158165012
-71500	220.309902430674
-71400	219.616646696337
-71300	218.923390961999
-71200	218.230135227662
-71100	217.536879493324
-71000	216.843623758987
-70900	216.150368024649
-70800	215.457112290312
-70700	214.763856555974
-70600	214.070600821636
-70500	213.377345087299
-70400	212.684089352961
-70300	211.990833618624
-70200	211.297577884286
-70100	210.604322149949
-70000	209.911066415611
-69900	209.217810681274
-69800	208.524554946936
-69700	207.831299212598
-69600	207.138043478261
-69500	206.444787743923
-69400	205.751532009586
-69300	205.058276275248
-69200	204.365020540911
-69100	203.671764806573
-69000	202.978509072236
-68900	202.285253337898
-68800	201.591997603560
-68700	200.898741869223
-68600	200.205486134885
-68500	199.512230400548
-68400	198.818974666210
-68300	198.125718931873
-68200	197.432463197535
-68100	196.739207463198
-68000	196.045951728860
-67900	195.352695994522
-67800	194.807950583599
-67700	194.542678490223
-67600	194.277406396847
-67500	194.012134303471
-67400	193.746862210096
-67300	193.481590116720
-67200	193.216318023344
-67100	192.951045929968
-67000	192.685773836592
-66900	192.420501743217
-66800	192.155229649841
-66700	191.889957556465
-66600	191.624685463089
-66500	191.426138952164
-66400	191.596981776765
-66300	191.767824601367
-66200	191.938667425968
-66100	192.109510250569
-66000	192.280353075171
-65900	192.451195899772
-65800	192.622038724374
-65700	192.792881548975
-65600	192.963724373576
-65500	193.134567198178
-65400	193.305410022779
-65300	193.476252847380
-65200	193.647095671982
-65100	193.817938496583
-65000	193.988781321185
-64900	194.159624145786
-64800	194.330466970387
-64700	194.501309794989
-64600	194.672152619590
-64500	194.842995444191
-64400	195.013838268793
-64300	195.184681093394
-64200	195.388361331677
-64100	195.660242352221
-64000	195.932123372765
-63900	196.204004393309
-63800	196.475885413853
-63700	196.747766434397
-63600	197.019647454942
-63500	197.291528475486
-63400	197.563409496030
-63300	197.835290516574
-63200	198.107171537118
-63100	198.379052557662
-63000	198.650933578206
-62900	198.922814598750
-62800	199.194695619295
-62700	199.466576639839
-62600	199.738457660383
-62500	200.010338680927
-62400	200.282219701471
-62300	200.554100722015
-62200	200.825981742559
-62100	201.097862763103
-62000	201.369743783648
-61900	201.641624804192
-61800	201.913505824736
-61700	202.185386845280
-61600	202.457267865824
-61500	202.729148886368
-61400	203.001029906912
-61300	203.272910927456
-61200	203.544791948001
-61100	203.816672968545
-61000	204.088553989089
-60900	204.360435009633
-60800	204.632316030177
-60700	204.904197050721
-60600	205.176078071265
-60500	205.447959091809
-60400	205.719840112354
-60300	205.991721132898
-60200	206.263602153442
-60100	206.535483173986
-60000	206.807364194530
-59900	207.079245215074
-59800	207.351126235618
-59700	207.623007256162
-59600	207.894888276706
-59500	208.166769297251
-59400	208.438650317795
-59300	208.710531338339
-59200	208.982412358883
-59100	209.254293379427
-59000	209.526174399971
-58900	209.798055420515
-58800	210.069936441059
-58700	210.341817461604
-58600	211.837649724830
-58500	213.666720621560
-58400	215.495791518291
-58300	217.324862415021
-58200	219.153933311751
-58100	220.983004208482
-58000	221.316624025464
-57900	220.686071435766
-57800	220.055518846069
-57700	219.424966256371
-57600	218.794413666673
-57500	218.163861076976
-57400	217.533308487278
-57300	216.902755897581
-57200	216.272203307883
-57100	215.641650718185
-57000	215.011098128488
-56900	214.380545538790
-56800	213.749992949092
-56700	213.119440359395
-56600	212.488887769697
-56500	211.858335180000
-56400	211.227782590302
-56300	210.597230000604
-56200	209.966677410907
-56100	209.336124821209
-56000	208.705572231512
-55900	208.075019641814
-55800	207.444467052116
-55700	206.813914462419
-55600	206.183361872721
-55500	205.552809283023
-55400	204.922256693326
-55300	204.291704103628
-55200	203.661151513931
-55100	203.030598924233
-55000	202.400046334535
-54900	201.769493744838
-54800	201.138941155140
-54700	200.508388565443
-54600	199.877835975745
-54500	199.247283386047
-54400	198.616730796350
-54300	197.986178206652
-54200	197.355625616954
-54100	196.725073027257
-54000	196.094520437559
-53900	195.463967847862
-53800	194.833415258164
-53700	194.202862668466
-53600	193.572310078769
-53500	192.941757489071
-53400	192.311204899373
-53300	191.680652309676
-53200	191.050099719978
-53100	190.419547130281
-53000	191.677724500964
-52900	192.996325637150
-52800	194.314926773336
-52700	195.633527909522
-52600	196.952129045708
-52500	198.270730181894
-52400	199.589331318080
-52300	200.907932454266
-52200	202.226533590452
-52100	203.545134726638
-52000	204.863735862824
-51900	206.182336999010
-51800	207.500938135196
-51700	208.819539271382
-51600	210.138140407568
-51500	211.456741543754
-51400	212.775342679940
-51300	214.093943816125
-51200	215.412544952311
-51100	215.288382366764
-51000	214.762017106871
-50900	214.235651846978
-50800	213.709286587085
-50700	213.182921327192
-50600	212.656556067300
-50500	212.130190807407
-50400	211.603825547514
-50300	211.077460287621
-50200	210.551095027728
-50100	209.744872968643
-50000	207.261467154955
-49900	204.778061341268
-49800	202.294655527581
-49700	199.811249713893
-49600	197.327843900206
-49500	194.844438086519
-49400	192.361032272831
-49300	189.877626459144
-49200	188.417386119723
-49100	188.460314810398
-49000	188.503243501073
-48900	188.546172191748
-48800	188.589100882423
-48700	188.632029573098
-48600	188.674958263773
-48500	188.717886954448
-48400	188.760815645123
-48300	188.803744335798
-48200	188.846673026473
-48100	188.889601717148
-48000	188.932530407823
-47900	188.975459098498
-47800	189.018387789172
-47700	189.061316479847
-47600	189.104245170522
-47500	189.147173861197
-47400	189.190102551872
-47300	189.233031242547
-47200	189.275959933222
-47100	189.538933684384
-47000	190.081964785256
-46900	190.624995886128
-46800	191.168026987000
-46700	191.711058087872
-46600	192.254089188744
-46500	192.797120289617
-46400	193.340151390489
-46300	193.883182491361
-46200	194.426213592233
-46100	194.969244693105
-46000	195.512275793977
-45900	196.055306894849
-45800	196.598337995722
-45700	197.141369096594
-45600	197.684400197466
-45500	198.227431298338
-45400	198.770462399210
-45300	199.313493500082
-45200	199.856524600954
-45100	200.399555701827
-45000	200.942586802699
-44900	201.485617903571
-44800	202.028649004443
-44700	202.571680105315
-44600	203.114711206187
-44500	203.657742307059
-44400	204.200773407932
-44300	204.743804508804
-44200	205.286835609676
-44100	205.829866710548
-44000	206.372897811420
-43900	206.915928912292
-43800	207.458960013164
-43700	208.001991114037
-43600	208.545022214909
-43500	209.088053315781
-43400	209.100000000000
-43300	209.100000000000
-43200	209.100000000000
-43100	209.100000000000
-43000	209.100000000000
-42900	209.100000000000
-42800	209.100000000000
-42700	209.100000000000
-42600	209.100000000000
-42500	209.100000000000
-42400	209.100000000000
-42300	209.100000000000
-42200	209.100000000000
-42100	209.100000000000
-42000	209.100000000000
-41900	209.100000000000
-41800	209.100000000000
-41700	209.100000000000
-41600	209.100000000000
-41500	209.100000000000
-41400	209.100000000000
-41300	209.100000000000
-41200	209.100000000000
-41100	209.100000000000
-41000	209.100000000000
-40900	209.100000000000
-40800	209.100000000000
-40700	209.100000000000
-40600	209.100000000000
-40500	209.100000000000
-40400	209.100000000000
-40300	209.100000000000
-40200	209.100000000000
-40100	209.100000000000
-40000	209.100000000000
-39900	209.100000000000
-39800	209.100000000000
-39700	209.100000000000
-39600	209.100000000000
-39500	209.100000000000
-39400	209.100000000000
-39300	209.100000000000
-39200	209.100000000000
-39100	209.100000000000
-39000	209.100000000000
-38900	209.100000000000
-38800	209.100000000000
-38700	209.100000000000
-38600	209.100000000000
-38500	209.100000000000
-38400	209.100000000000
-38300	209.100000000000
-38200	209.100000000000
-38100	209.100000000000
-38000	209.100000000000
-37900	209.100000000000
-37800	209.100000000000
-37700	209.100000000000
-37600	209.100000000000
-37500	209.100000000000
-37400	208.955510805076
-37300	208.790944523840
-37200	208.626378242605
-37100	208.461811961370
-37000	208.297245680135
-36900	208.132679398900
-36800	207.968113117665
-36700	207.803546836430
-36600	207.638980555195
-36500	207.474414273960
-36400	207.309847992724
-36300	207.145281711489
-36200	206.980715430254
-36100	206.816149149019
-36000	206.651582867784
-35900	206.487016586549
-35800	206.322450305314
-35700	206.157884024079
-35600	205.993317742844
-35500	205.828751461608
-35400	205.664185180373
-35300	205.499618899138
-35200	205.335052617903
-35100	205.081580719548
-35000	204.804046691019
-34900	204.526512662490
-34800	204.248978633961
-34700	203.971444605432
-34600	203.693910576903
-34500	203.416376548375
-34400	203.138842519846
-34300	202.861308491317
-34200	202.583774462788
-34100	202.306240434259
-34000	202.028706405730
-33900	201.751172377201
-33800	201.473638348673
-33700	201.196104320144
-33600	200.918570291615
-33500	200.641036263086
-33400	200.363502234557
-33300	200.085968206028
-33200	199.808434177499
-33100	199.530900148970
-33000	199.253366120442
-32900	198.975832091913
-32800	198.698298063384
-32700	198.420764034855
-32600	198.143230006326
-32500	197.865695977797
-32400	197.588161949268
-32300	197.310627920740
-32200	197.033093892211
-32100	196.755559863682
-32000	196.478025835153
-31900	196.200491806624
-31800	195.922957778095
-31700	195.645423749566
-31600	195.367889721038
-31500	195.090355692509
-31400	194.812821663980
-31300	194.535287635451
-31200	194.257753606922
-31100	193.980219578393
-31000	193.702685549864
-30900	193.425151521335
-30800	193.147617492807
-30700	192.870083464278
-30600	192.592549435749
-30500	192.315015407220
-30400	192.037481378691
-30300	191.759947350162
-30200	191.478882425524
-30100	191.196844702979
-30000	190.914806980434
-29900	190.632769257888
-29800	190.350731535343
-29700	190.068693812797
-29600	189.786656090252
-29500	189.504618367707
-29400	189.222580645161
-29300	188.940542922616
-29200	188.658505200071
-29100	188.549258117178
-29000	188.661719571921
-28900	188.774181026664
-28800	188.886642481408
-28700	188.999103936151
-28600	189.111565390894
-28500	189.224026845638
-28400	189.336488300381
-28300	189.448949755124
-28200	189.561411209868
-28100	189.673872664611
-28000	189.786334119354
-27900	189.898795574098
-27800	190.011257028841
-27700	190.123718483584
-27600	190.236179938328
-27500	190.348641393071
-27400	190.461102847814
-27300	190.573564302558
-27200	190.686025757301
-27100	190.798487212044
-27000	190.910948666788
-26900	191.023410121531
-26800	191.135871576274
-26700	191.248333031018
-26600	191.360794485761
-26500	191.473255940504
-26400	191.585717395248
-26300	191.540190117325
-26200	191.471679369701
-26100	191.403168622078
-26000	191.334657874454
-25900	191.266147126831
-25800	191.197636379207
-25700	191.129125631583
-25600	191.060614883960
-25500	190.992104136336
-25400	190.923593388713
-25300	190.855082641089
-25200	190.786571893466
-25100	190.718061145842
-25000	190.649550398219
-24900	190.581039650595
-24800	190.512528902972
-24700	190.444018155348
-24600	190.375507407725
-24500	190.306996660101
-24400	190.238485912478
-24300	190.169975164854
-24200	190.101464417230
-24100	190.032953669607
-24000	189.964442921983
-23900	189.895932174360
-23800	189.827421426736
-23700	189.758910679113
-23600	189.690399931489
-23500	189.621889183866
-23400	189.553378436242
-23300	189.484867688619
-23200	189.416356940995
-23100	189.347846193372
-23000	189.279335445748
-22900	189.210824698125
-22800	188.576488738044
-22700	187.835976550447
-22600	187.095464362851
-22500	186.354952175255
-22400	185.614439987658
-22300	184.873927800062
-22200	184.855696202532
-22100	185.764880662445
-22000	185.959717486605
-21900	185.719786614937
-21800	185.122431668238
-21700	186.552995066949
-21600	186.834883720930
-21500	187.365433759247
-21400	188.435492957747
-21300	190.689014084507
-21200	192.942535211268
-21100	193.627378190255
-21000	188.147075433643
-20900	188.066397741025
-20800	188.106530243756
-20700	188.708396027686
-20600	189.310261811616
-20500	189.912127595546
-20400	189.607205825987
-20300	189.147259486393
-20200	188.769640644362
-20100	188.632511556240
-20000	188.478428351310
-19900	188.324345146379
-19800	189.300993676603
-19700	188.939656729901
-19600	188.542925089180
-19500	187.591676575505
-19400	187.256983930779
-19300	187.936835599506
-19200	188.616687268232
-19100	189.151957467376
-19000	188.813629772837
-18900	188.500000000000
-18800	188.500000000000
-18700	188.500000000000
-18600	189.190150970525
-18500	190.987419122933
-18400	192.004780181438
-18300	193.016643405443
-18200	193.932538431218
-18100	194.188746551045
-18000	194.444954670871
-17900	194.701162790698
-17800	194.957370910524
-17700	195.295649371576
-17600	197.100354495649
-17500	198.905059619723
-17400	200.709764743796
-17300	202.662745098039
-17200	206.089115646259
-17100	207.639598044541
-17000	207.530961434003
-16900	209.375504439064
-16800	211.998587570621
-16700	214.392938286767
-16600	216.050905741480
-16500	217.708873196193
-16400	219.366840650906
-16300	219.957874762808
-16200	220.527134724858
-16100	220.948319327731
-16000	221.502788844622
-15900	222.639021074099
-15800	224.338545207342
-15700	224.981749049430
-15600	225.423578947368
-15500	225.802526315789
-15400	226.274119718310
-15300	227.083978873239
-15200	227.893838028169
-15100	228.411492491572
-15000	228.442139135765
-14900	228.472785779957
-14800	229.014830875976
-14700	233.611535125759
-14600	238.208239375542
-14500	238.893650793651
-14400	238.637634408602
-14300	238.600000000000
-14200	236.934673366834
-14100	236.782859200576
-14000	237.214980194454
-13900	237.617723577236
-13800	237.780325203252
-13700	237.739187817259
-13600	237.445768025078
-13500	237.968234064786
-13400	237.670424905343
-13300	235.945561632310
-13200	234.220698359276
-13100	235.566639544345
-13000	236.949877949552
-12900	237.559324635457
-12800	237.761671469741
-12700	238.914409221902
-12600	240.067146974063
-12500	243.632072617247
-12400	245.300000000000
-12300	245.744303797468
-12200	249.162025316456
-12100	250.983870967742
-12000	249.922503160556
-11900	251.342011834320
-11800	253.009575040344
-11700	253.879817905918
-11600	256.240181268882
-11500	264.420312500000
-11400	264.168603712672
-11300	264.177586206897
-11200	265.291724137931
-11100	264.800000000000
-11000	266.663923585599
-10900	266.457921207041
-10800	266.014406065712
-10700	266.772620050548
-10600	267.181239436620
-10500	267.392686459088
-10400	265.509992758870
-10300	265.694126284875
-10200	263.534910122990
-10100	264.048034310222
-10000	264.190993566833
-9900	264.397675979017
-9800	264.214682200805
-9700	264.031688422594
-9600	263.848694644382
-9500	261.544347826087
-9400	264.520063108073
-9300	263.707603581727
-9200	262.642066299790
-9100	260.615007267442
-9000	260.276670626671
-8900	260.723076923077
-8800	259.271698113208
-8700	261.736967579825
-8600	261.062824048538
-8500	261.022260990928
-8400	259.612622629169
-8300	258.635542092642
-8200	259.266616180740
-8100	259.739140955838
-8000	260.545755192579
-7900	259.415254963577
-7800	259.999622722096
-7700	260.298902418110
-7600	259.463109998168
-7500	258.424815244610
-7400	260.772130564642
-7300	262.407744275352
-7200	262.015727998150
-7100	259.298022435527
-7000	257.879624385154
-6900	261.832626697582
-6800	262.320411866098
-6700	259.937577639752
-6600	260.657473834869
-6500	261.141503248844
-6400	261.201667195935
-6300	263.223106896390
-6200	264.302868409934
-6100	265.382629923478
-6000	266.691577540107
-5900	263.184539302447
-5800	265.753466736879
-5700	266.459527710299
-5600	267.419925427942
-5500	265.218452620100
-5400	265.275848016989
-5300	267.845161290323
-5200	269.633881278539
-5100	268.720639269406
-5000	269.174333522405
-4900	270.816610715724
-4800	271.353739760978
-4700	270.513327484447
-4600	269.205181997490
-4500	270.990241386425
-4400	271.350261018965
-4300	272.317094388865
-4200	271.605965087282
-4100	271.833440069864
-4000	274.162237100648
-3900	275.205163480436
-3800	271.587124235169
-3700	272.917265230114
-3600	274.010356098400
-3500	274.702310300975
-3400	273.797633491101
-3300	273.197673488434
-3200	275.826991878021
-3100	274.979914295680
-3000	275.370377978636
-2900	274.833133640553
-2800	275.293963133641
-2700	278.344649673685
-2600	274.994666404251
-2500	277.829760414804
-2400	277.513309134906
-2300	276.908348457350
-2200	276.748128036582
-2100	276.891026007431
-2000	277.992655007949
-1900	278.703394287080
-1800	279.119826615627
-1700	279.694670184697
-1600	278.655201093768
-1500	277.629793779196
-1400	278.517021040975
-1300	278.078023450586
-1200	277.526834708900
-1100	278.510201335897
-1000	279.665351607358
-900	280.507559536815
-800	283.536295934562
-700	281.358331375857
-600	282.096666666667
-500	277.733646616541
-400	282.682608695652
-300	277.078125000000
-200	277.154545454545
-100	287.034782608696
0	312.133333333333
